   5.8912523e-01   2.9209745e-01   1.4475736e-01
   8.1404699e-01   1.4324811e-01   3.6851501e-01
   5.1334736e-01   5.3750667e-01   5.2263949e-01
   8.6114863e-02   5.5708150e-01   4.3773197e-01
   5.6834651e-01   4.8413104e-01   4.5692804e-01
   8.9312998e-01   9.3510672e-01   5.3240819e-01
   5.2204145e-01   7.4585843e-01   5.9127310e-01
   2.4399985e-01   9.5947173e-01   4.3872809e-01
   3.0625890e-01   1.2789277e-01   6.9060978e-01
   3.6272861e-01   4.1620648e-01   8.3277160e-01
   5.4317981e-02   4.7139655e-01   5.2467475e-01
   4.9210596e-01   5.6584117e-01   4.8081834e-01
   5.2577868e-01   1.6629117e-01   4.3826221e-01
   3.7506002e-01   3.0983708e-01   9.5316416e-01
   7.1745880e-01   1.2394783e-01   3.2598971e-01
   9.4570952e-01   7.8711523e-01   5.6447425e-01
   3.8204170e-02   9.7844442e-01   4.9285121e-01
   4.1243050e-01   9.6527283e-01   4.5141827e-01
   1.5408198e-01   4.1597832e-01   6.6978202e-01
   1.7994774e-02   3.5056371e-01   5.5569261e-01
   4.3788832e-01   4.2282705e-01   6.7933317e-01
   1.8490061e-01   6.2866310e-01   2.2286309e-01
   5.9847659e-01   1.1192868e-01   3.7231990e-01
   1.8923079e-01   2.1954641e-01   7.3357891e-01
   7.1801395e-02   1.9978507e-01   5.7301908e-01
   7.4588039e-01   8.4419872e-01   7.1421541e-01
   7.4636886e-01   5.8823873e-01   8.1760931e-01
   5.1479954e-01   7.2791502e-01   5.6594773e-01
   6.6784724e-01   3.1844403e-01   1.4634130e-03
   1.5922289e-01   2.9733838e-01   7.4694389e-01
   4.1244700e-01   8.4444973e-01   3.2609673e-01
   6.1777753e-02   7.4207175e-01   4.1588734e-01
   5.7355002e-01   7.1199960e-01   8.0569409e-01
   7.8356843e-01   4.7284933e-01   4.0867393e-01
   4.7076323e-01   9.4241993e-01   4.7685262e-01
   3.2482886e-02   7.7503395e-01   4.4954215e-01
   4.6641479e-01   5.4406984e-01   4.4075852e-01
   4.6522092e-01   5.0823549e-01   4.8955366e-01
   3.0507133e-01   6.2231836e-01   5.6204424e-02
   8.4374224e-01   1.7631868e-01   3.6300583e-01
   9.9939835e-01   8.1947450e-01   5.2697929e-01
   1.5252777e-01   1.8863023e-01   6.4793526e-01
   4.7582705e-01   6.8375485e-01   3.9053277e-01
   4.1688706e-01   2.6623077e-01   8.1695136e-01
   8.7974087e-01   1.5750084e-01   4.1388142e-01
   3.1428848e-01   3.4836254e-01   9.9113713e-01
   2.6007768e-01   4.2438678e-01   7.8991443e-01
   4.2338376e-01   6.3239130e-02   5.6435773e-01
   5.2759953e-01   8.6941014e-01   5.5148922e-01
   5.0147060e-01   2.1532797e-02   5.0039638e-01
   9.9437526e-01   8.6141276e-01   5.2106477e-01
   4.2574322e-01   5.1645370e-01   4.5377092e-01
   2.3645147e-01   1.6574097e-01   7.1456697e-01
   7.8847877e-01   9.4763849e-01   5.6266579e-01
   1.3797898e-01   8.3102842e-01   3.8815620e-01
   5.3179066e-01   9.9870474e-01   5.1430329e-01
   1.6365392e-02   1.1192367e-01   5.1915305e-01
   5.9453043e-01   2.3635548e-01   1.9102166e-01
   2.0876490e-01   7.7016328e-01   2.2382500e-01
   3.8233321e-01   2.4703451e-02   5.5436425e-01
   2.0413352e-01   6.1013346e-01   2.1195439e-01
   5.9160070e-01   1.5399837e-01   3.2256911e-01
   6.4928257e-01   8.0715698e-01   8.1260916e-01
   9.8893765e-01   1.0337774e-01   4.8609156e-01
   4.1121015e-01   4.6988077e-01   6.0294235e-01
   1.4427612e-01   3.9275447e-01   6.8581625e-01
   2.8206216e-02   5.2892221e-01   4.8450244e-01
   6.7895370e-01   6.6142412e-01   9.9856279e-01
   5.7848435e-02   2.1534456e-01   5.6821937e-01
   1.7947777e-01   2.7488475e-03   5.2748699e-01
   1.5628007e-02   9.9542483e-01   4.9627651e-01
   7.4258229e-01   6.0015271e-01   8.5276042e-01
   8.0567566e-01   5.5038850e-01   6.4552346e-01
   6.1418627e-01   7.8812623e-01   8.1139388e-01
   8.5893537e-01   5.3371586e-01   5.6704289e-01
   2.3146350e-01   5.3628279e-01   3.7065380e-01
   8.7848773e-01   5.4863867e-01   5.7944133e-01
   1.9950546e-02   5.1257473e-01   4.9474593e-01
   8.0685461e-01   7.0222313e-01   8.1472589e-01
   2.7159867e-01   3.1340263e-01   9.6463383e-01
   9.6287598e-02   8.1340080e-01   4.1517873e-01
   2.7318056e-01   7.8790641e-01   1.6682379e-01
   8.7464430e-01   5.5869076e-01   5.9747191e-01
   5.3644285e-01   1.0384078e-02   4.8461337e-01
   8.7098934e-03   8.3636203e-01   4.7580977e-01
   5.5630557e-01   1.5892411e-01   3.7690210e-01
   5.9465180e-01   1.9414172e-01   2.5576006e-01
   4.5462287e-01   2.9950058e-01   7.0196043e-01
   5.4484446e-01   2.4768795e-01   3.2820260e-01
   1.2210278e-01   4.8040556e-01   5.3468151e-01
   8.7372065e-01   7.8465028e-01   6.3875601e-01
   4.2925411e-01   7.2088467e-01   2.1371194e-01
   2.9673057e-01   5.5554756e-01   2.6047711e-01
   7.5285904e-01   2.9739077e-01   8.3787581e-02
   2.0360772e-01   1.1422736e-02   5.3585608e-01
   6.5547698e-01   1.4860451e-01   2.7588854e-01
   5.9318019e-01   3.2247747e-01   1.2209324e-01
   9.7981787e-01   6.0832532e-01   5.4901470e-01
   2.3826501e-01   9.5866242e-01   4.3965961e-01
   3.5131895e-01   6.4917685e-01   2.6522553e-02
   3.1511315e-01   7.2828620e-01   3.7228171e-02
   5.3814950e-01   9.6352710e-02   4.5244776e-01
   5.6042628e-02   4.9647420e-01   5.0446516e-01
   7.1825563e-01   2.2956630e-01   1.2747209e-01
   7.7685648e-01   8.0610789e-01   7.4559504e-01
   8.1691671e-01   8.9353171e-01   5.9426611e-01
   6.0213189e-01   9.6871321e-01   5.5472236e-01
   5.3785962e-01   9.1928900e-01   5.4255452e-01
   9.8033203e-02   3.7459496e-01   6.3175803e-01
   3.2249678e-02   9.6162081e-01   4.9157604e-01
   8.2949184e-01   3.9447559e-01   2.7674721e-01
   8.1850552e-01   1.0818384e-01   4.0824484e-01
   9.5500759e-01   3.6740928e-01   4.2809444e-01
   2.8921090e-01   6.7016183e-01   1.7123219e-02
   1.1777265e-01   8.2268840e-01   4.0132281e-01
   5.6777716e-01   6.7295975e-01   7.9574484e-01
   5.3550288e-01   7.7868285e-01   6.2428452e-01
   8.9305202e-01   9.0254738e-01   5.4576434e-01
   4.8760541e-01   3.9409521e-02   5.0956234e-01
   1.3660196e-02   8.6841946e-01   4.8046308e-01
   3.3595359e-01   6.1608241e-01   6.7263962e-02
   9.8779356e-01   5.4150688e-01   5.2048742e-01
   5.0850577e-01   5.2685431e-01   5.1120482e-01
   4.7967665e-01   4.4974847e-01   5.4342685e-01
   2.4038216e-01   7.0804072e-01   9.8296904e-02
   4.9153850e-01   9.4989863e-02   5.1191909e-01
   4.0908083e-01   4.1197638e-01   7.7077059e-01
   2.3873443e-01   9.1020913e-01   3.9332740e-01
   4.3616272e-01   7.2188098e-01   2.3867255e-01
   1.2117410e-01   9.6090811e-01   4.7498772e-01
   9.9991246e-01   6.1142885e-01   5.3827019e-01
   3.8179464e-01   3.1980617e-01   9.4229859e-01
   5.7257971e-01   6.0668398e-01   7.5934896e-01
   6.6390040e-02   7.3044642e-02   5.2335620e-01
   4.6457700e-01   6.4988410e-01   3.4417016e-01
   9.5448220e-02   2.4958682e-01   6.2104647e-01
   7.2090147e-01   4.0360416e-01   1.3408605e-01
   7.2373968e-01   5.6165445e-01   7.5430648e-01
   2.6979155e-01   2.4955821e-01   8.9755293e-01
   7.3081466e-01   2.2623586e-01   1.4593008e-01
   9.5066582e-01   5.7090418e-01   5.5150262e-01
   6.7421587e-01   5.7576219e-01   8.2300385e-01
   9.7584715e-01   3.6365485e-01   4.4442528e-01
   2.2215186e-01   7.6365584e-01   1.9310645e-01
   1.1576411e-01   8.1797785e-01   3.9990708e-01
   9.4460208e-01   2.8691787e-01   4.1575890e-01
   2.9588115e-01   1.4279076e-01   7.1451873e-01
   7.2518971e-01   1.2171045e-01   3.3296458e-01
   1.8443228e-01   9.6217940e-01   4.5791337e-01
   5.5006416e-01   9.4640183e-01   5.4054591e-01
   7.5773663e-01   9.6526695e-01   5.5893923e-01
   3.3062227e-01   4.2276013e-01   8.2933035e-01
   8.6202790e-01   7.9495800e-01   6.4519631e-01
   4.7962844e-01   4.1342995e-01   5.6834670e-01
   8.0372610e-01   2.6145427e-01   2.0932168e-01
   9.6957308e-01   3.9323331e-01   4.4709079e-01
   1.5642065e-01   4.7162336e-01   5.6577641e-01
   9.3451913e-01   3.2858625e-01   4.0126672e-01
   1.1017876e-01   6.7248229e-01   3.3927668e-01
   5.1850485e-01   2.9382778e-01   4.1677802e-01
   4.7027428e-01   8.4842031e-01   4.3742488e-01
   5.9450762e-01   1.9240493e-01   2.5878955e-01
   3.0666039e-01   1.6925266e-01   7.6889471e-01
   7.7054070e-01   8.7664073e-01   6.4552414e-01
   3.1396047e-01   8.5520459e-01   2.7914603e-01
   1.8809818e-01   6.7615810e-01   1.9166428e-01
   1.1071721e-01   8.4587558e-01   4.2309436e-01
   5.5859889e-01   3.8070679e-01   2.7126203e-01
   7.4965158e-01   1.3615628e-01   3.2434240e-01
   4.9636612e-01   6.5883651e-01   4.8539542e-01
   6.9126871e-01   9.3517148e-01   6.0041964e-01
   2.3532744e-01   2.9116384e-01   8.9421772e-01
   6.8760438e-01   1.0163845e-01   3.5378412e-01
   5.5183772e-01   5.2518816e-01   5.5469369e-01
   3.2809165e-01   6.3305864e-01   3.3737524e-02
   7.5296937e-01   8.5263527e-01   6.9447645e-01
   1.4497171e-01   1.3913101e-01   5.9517041e-01
   3.2454343e-01   1.5257531e-01   7.3782638e-01
   8.2279644e-01   2.0005897e-01   3.1095084e-01
   4.8431259e-01   7.8524544e-01   4.4888916e-01
   4.7222107e-01   7.7227343e-01   4.0222104e-01
   5.4312036e-01   3.0423222e-01   3.0729780e-01
   6.3027124e-01   7.9972465e-01   8.1135481e-01
   8.6959073e-01   9.8014157e-01   5.2358625e-01
   6.9596346e-02   8.7800089e-01   4.6312281e-01
   1.9969774e-01   6.1983191e-02   5.6512982e-01
   4.7547805e-01   6.4254980e-01   3.9340915e-01
   9.5064938e-01   2.1221906e-01   4.4216018e-01
   6.3898662e-01   4.7696105e-01   3.9873167e-01
   3.5575099e-01   1.6095023e-01   7.4499339e-01
   8.5575777e-02   5.3904017e-01   4.5696339e-01
   6.4488654e-01   8.3164264e-01   7.6095389e-01
   9.3440020e-01   3.8651156e-01   4.1492812e-01
   4.4532722e-01   4.7061684e-01   5.6726266e-01
   5.3816203e-01   6.7781653e-01   6.7609067e-01
   9.8253097e-01   4.3464067e-01   4.6985106e-01
   6.8069086e-01   3.2454188e-01   0.0000000e+00
   3.7201224e-01   8.9303144e-01   3.5734167e-01
   6.6462573e-01   1.8281844e-01   2.0521068e-01
   5.0767721e-01   6.9543367e-01   5.3758714e-01
   3.2002149e-02   4.4610051e-01   5.3350112e-01
   7.6691801e-01   4.5981553e-02   4.3809296e-01
   4.8605400e-01   9.2708427e-01   4.8733072e-01
   5.7667524e-01   8.0699638e-01   7.0947536e-01
   3.9261906e-01   6.1042201e-01   1.4932226e-01
   6.4277317e-01   8.4802485e-01   7.2839867e-01
   1.0709775e-02   7.8405324e-01   4.6423484e-01
   3.4634137e-01   8.1500330e-01   2.0377147e-01
   7.9701085e-01   3.3539586e-01   1.6313010e-01
   9.1036520e-01   6.0116077e-01   6.0578432e-01
   7.9722840e-02   5.7966698e-01   4.2239541e-01
   4.2962901e-01   4.8355376e-01   5.4816323e-01
   5.4678936e-01   9.0932018e-01   5.5733515e-01
   4.9910137e-01   7.5115029e-01   4.9844845e-01
   6.6488850e-01   3.0390333e-01   7.7873610e-03
   7.9687616e-01   7.6815913e-01   7.7159533e-01
   2.9992480e-01   9.9932832e-01   4.5790861e-01
   8.0508375e-01   4.6657245e-01   4.0182077e-01
   8.5386226e-01   2.4024897e-01   3.1622434e-01
   2.1194823e-01   3.9419604e-01   7.9755785e-01
   9.9208577e-01   4.1093269e-01   4.6580034e-01
   4.3473468e-01   4.9396571e-02   5.4802126e-01
   7.2060962e-01   7.3894308e-01   9.2622809e-01
   5.4304499e-01   9.6775439e-01   5.2749908e-01
   9.0487788e-01   3.8588559e-01   3.8145995e-01
   7.3109347e-01   8.6823983e-01   6.8370334e-01
   2.5457338e-03   2.2539856e-02   5.0659865e-01
   9.9617461e-01   8.3641423e-01   5.2499260e-01
   6.1745617e-03   7.9857059e-01   4.6928320e-01
   1.8928720e-01   3.0977897e-01   8.1169156e-01
   7.6282166e-02   4.6556110e-02   5.1936241e-01
   8.2149928e-01   5.9905003e-01   7.2870453e-01
   7.4702575e-01   1.5975245e-01   2.8341581e-01
   1.3991811e-01   4.6471813e-01   5.7052850e-01
   5.2613882e-01   4.4869128e-01   4.4540299e-01
   6.5185293e-01   3.4486681e-01   1.7986925e-02
   3.5777408e-01   4.2234306e-01   8.1771467e-01
   4.4181402e-01   5.5853021e-01   3.6952217e-01
   4.6986624e-01   6.2680374e-01   3.7559738e-01
   6.7138280e-01   9.7031055e-01   5.6619039e-01
   2.7023851e-01   8.0085756e-01   1.9432067e-01
   3.7912966e-01   4.7441484e-01   6.0757374e-01
   6.1681307e-01   8.8223144e-01   6.5402091e-01
   5.6331019e-01   5.7454774e-01   6.7721350e-01
   2.5757286e-01   5.6075002e-01   2.6547446e-01
   4.9431011e-01   7.5725939e-01   4.7985885e-01
   4.7785337e-01   4.5885949e-01   5.3941341e-01
   1.1654756e-01   5.6354081e-01   4.0599164e-01
   4.4515794e-01   6.0599734e-01   3.0104543e-01
   3.6709567e-01   3.2796895e-01   9.6876550e-01
   8.1376719e-01   8.5370937e-01   6.3841875e-01
   3.7232730e-01   6.0983572e-01   1.1453026e-01
   8.0883616e-01   3.0571431e-01   1.8897633e-01
   1.0948145e-01   2.0602897e-01   6.1232192e-01
   3.7229316e-01   7.3516623e-01   8.4416921e-02
   5.8785995e-01   4.1261112e-01   2.3920830e-01
   8.7757999e-01   9.3564443e-01   5.3724002e-01
   8.4502355e-01   1.6152482e-01   3.7887000e-01
   4.9510214e-01   7.1915859e-01   4.8042808e-01
   7.7974152e-01   5.7516182e-01   7.4041076e-01
   5.8152520e-01   2.2361981e-01   2.4049361e-01
   6.8463741e-02   8.5392132e-01   4.5458952e-01
   3.0536993e-01   5.6692358e-01   2.1407012e-01
   4.1132294e-01   1.1483345e-01   6.2394569e-01
   4.0228823e-01   1.3548950e-01   6.6072001e-01
   3.6617229e-01   3.4815433e-01   9.6075689e-01
   6.3504701e-01   2.6156009e-02   4.4332353e-01
   1.6803256e-01   5.5719436e-01   3.6628016e-01
   3.9980166e-01   7.1934354e-01   1.2357689e-01
   4.2390262e-01   5.6518209e-01   3.1873783e-01
   9.1577223e-01   8.2817610e-01   5.6925667e-01
   8.6798919e-01   6.1400168e-03   4.8261837e-01
   1.9856344e-01   7.4841375e-01   2.1430946e-01
   8.4245468e-01   4.7182217e-01   4.3685671e-01
   2.5826322e-01   2.6426568e-01   9.0391193e-01
   5.4531731e-01   3.3951154e-01   2.9766311e-01
   6.9544182e-01   5.7815758e-02   4.1090539e-01
   3.7259783e-02   5.5747893e-01   4.6511966e-01
   5.7018361e-01   2.4798860e-01   2.4279374e-01
   7.8258620e-01   9.6105016e-01   5.5510329e-01
   2.9224619e-01   9.8950644e-01   4.5224834e-01
   1.7059022e-01   2.5598627e-01   7.4163793e-01
   3.3970983e-01   4.2133557e-01   8.3166742e-01
   9.9446746e-02   9.5265261e-01   4.7776752e-01
   2.9045768e-01   5.7464286e-01   1.9316653e-01
   5.5988701e-01   9.9466131e-01   5.2609588e-01
   5.4169973e-01   9.6336348e-01   5.2818580e-01
   7.9631817e-01   2.5212172e-01   2.0577290e-01
   9.2932396e-01   4.8293858e-01   4.8424272e-01
   6.0844249e-01   9.2028180e-01   6.0011749e-01
   2.3997643e-01   1.4899962e-01   6.9079712e-01
   6.4925268e-01   4.6687656e-01   3.5214135e-01
   7.9818937e-01   8.6915176e-02   4.1594062e-01
   8.0827814e-01   9.3891618e-01   5.6154233e-01
   8.9040290e-01   9.1898323e-04   4.8723194e-01
   1.6511579e-01   4.8995472e-01   5.2642409e-01
   4.0272287e-01   5.1886825e-01   4.3415484e-01
   4.3179237e-01   1.0265922e-01   5.8922121e-01
   7.6586202e-01   6.0720733e-01   8.3494409e-01
   5.4819704e-01   3.4058222e-01   2.8596899e-01
   3.4022722e-01   6.1320639e-02   5.9550328e-01
   2.6194927e-01   3.2356138e-01   9.5217546e-01
   7.3473721e-01   3.7225448e-01   8.3540804e-02
   3.0238433e-01   7.9268812e-01   1.5611358e-01
   8.9480184e-01   6.6745291e-01   6.5452961e-01
   8.1605303e-01   3.3733106e-01   2.0303708e-01
   5.9169311e-01   9.0364974e-01   6.0662419e-01
   5.9150274e-01   3.3356138e-01   1.2838683e-01
   5.4711750e-01   7.7848795e-02   4.5248683e-01
   2.2952801e-01   4.5375092e-01   6.6611110e-01
   4.7946518e-01   4.9551307e-01   5.0545886e-01
   5.3440718e-01   1.2468873e-01   4.4277181e-01
   7.6553843e-01   1.1410214e-01   3.6668793e-01
   7.6184420e-01   2.5294752e-01   1.4531130e-01
   5.6969794e-01   8.4191865e-01   6.5070024e-01
   2.3930817e-01   1.1153276e-01   6.3573564e-01
   5.8787945e-01   5.8377394e-01   7.5387157e-01
   3.3436659e-01   1.8723422e-01   8.0664719e-01
   5.9972628e-01   8.5977887e-01   6.7105833e-01
   8.5293994e-01   5.4812500e-01   5.9847005e-01
   9.7532990e-01   6.2281202e-01   5.5571980e-01
   1.8096138e-01   8.5960838e-01   3.7524831e-01
   6.5314817e-01   2.2092474e-01   1.3222993e-01
   2.3207815e-01   4.6039935e-01   6.4562337e-01
   8.2580649e-01   1.4496422e-02   4.7177405e-01
   9.7445045e-01   1.0819303e-01   4.8195820e-01
   1.4037653e-01   9.0936060e-01   4.4453266e-01
   7.3866997e-01   4.3042206e-01   2.3106317e-01
   2.2032997e-01   5.2471373e-01   4.1654099e-01
   9.1997535e-01   5.7952202e-01   5.8000914e-01
   8.4295082e-01   1.5013788e-01   3.8773800e-01
   5.0756014e-01   3.6443572e-01   4.6726501e-01
   2.8399602e-01   7.0020401e-01   2.9131965e-02
   1.8905701e-01   4.6558732e-01   5.9994619e-01
   7.2985072e-01   5.0959059e-01   5.4135986e-01
   3.3368455e-01   7.7158051e-01   1.1086190e-01
   5.8013302e-01   3.5225266e-01   1.7268899e-01
   4.8622206e-02   1.3597730e-01   5.3500955e-01
   4.7257680e-03   8.3185259e-01   4.7631486e-01
   8.9165336e-01   3.6558490e-01   3.5235409e-01
   8.0048980e-01   8.3290590e-01   6.7796922e-01
   2.3747229e-01   7.5802726e-01   1.6066544e-01
   6.7835145e-01   8.0448411e-01   8.2634567e-01
   5.2412663e-01   3.8279186e-02   4.8516335e-01
   6.7559596e-01   2.8096853e-01   2.5546362e-02
   9.4095523e-01   4.5777906e-01   4.6561061e-01
   4.2113659e-01   8.5700650e-01   3.5585551e-01
   8.1692880e-01   6.9453234e-01   7.9703179e-01
   9.1457298e-01   2.3510298e-02   4.8643549e-01
   9.2203598e-01   2.5856867e-01   3.9902323e-01
   7.8160184e-01   5.7120132e-01   7.2758268e-01
   7.6368717e-01   4.1413586e-01   2.1190072e-01
   7.9026567e-01   3.5329015e-02   4.5237959e-01
   2.8302279e-02   1.5108901e-01   5.3104525e-01
   9.9135725e-01   7.2154486e-01   5.4751191e-01
   1.4809364e-01   2.0524795e-01   6.5843118e-01
   8.0269407e-01   5.7036493e-01   6.9917619e-01
   1.8385477e-01   3.9019912e-01   7.5534149e-01
   8.8761553e-01   1.4107815e-01   4.3062022e-01
   8.9464057e-01   3.3862971e-01   3.4852378e-01
   1.1678436e-01   1.0074038e-01   5.5185144e-01
   8.6945768e-01   1.5505922e-01   4.0701504e-01
   9.7059283e-01   7.6467181e-01   5.5337191e-01
   2.1051733e-01   1.2812618e-01   6.3712799e-01
   8.2689461e-02   7.4454174e-01   3.9414162e-01
   8.2645943e-01   9.8418318e-01   5.3140272e-01
   9.2825772e-02   8.5417538e-01   4.4042581e-01
   5.1179055e-01   8.8540204e-01   5.2010800e-01
   8.6006653e-01   6.9057588e-01   7.1305442e-01
   3.5242324e-01   7.9350049e-01   1.6375789e-01
   8.1949495e-01   1.9316935e-01   3.1480442e-01
   6.4277531e-01   3.9616989e-01   1.0857368e-01
   5.2224830e-01   2.0291919e-02   4.8947066e-01
   8.7762844e-01   8.7784139e-01   5.6716571e-01
   5.6983722e-02   8.2881711e-01   4.5141935e-01
   8.6076920e-02   1.8679691e-01   5.7842684e-01
   4.8581613e-01   5.2431765e-01   4.8685088e-01
   1.7292166e-01   9.2687088e-01   4.4044641e-01
   2.9856663e-01   8.3446828e-01   2.4264082e-01
   9.9348223e-02   9.9526019e-01   4.8777368e-01
   3.2450268e-01   2.3105075e-01   8.9731393e-01
   2.5878558e-01   3.4793640e-01   9.3815540e-01
   1.9955633e-01   2.0472246e-01   7.2943298e-01
   6.9670368e-01   4.9560695e-01   4.7982607e-01
   4.9110079e-01   7.9534190e-01   4.7343872e-01
   2.1920427e-01   3.3962757e-01   8.7171161e-01
   4.3825223e-02   3.8847758e-02   5.1251633e-01
   5.6320635e-01   1.0169753e-01   4.1935068e-01
   3.7065123e-01   7.2642336e-01   7.0703193e-02
   2.5311107e-01   5.7409525e-01   2.2612222e-01
   9.3272109e-02   1.4303239e-01   5.6073928e-01
   3.9979198e-01   1.8842650e-01   7.4666513e-01
   9.8374103e-01   4.0982131e-01   4.6120402e-01
   7.5394761e-01   6.4003177e-01   9.0538105e-01
   2.0281267e-01   6.9428425e-01   1.6402058e-01
   7.6931662e-01   9.9518118e-04   4.6662310e-01
   4.2549813e-01   3.4430794e-01   8.1414492e-01
   8.1513013e-01   3.2346769e-01   1.9913662e-01
   5.8251368e-01   1.6082239e-01   3.2687218e-01
   3.7959339e-01   6.7336743e-01   5.5877209e-02
   9.6009473e-01   4.6681933e-01   4.7877895e-01
   7.2591176e-03   6.6278504e-01   4.5333507e-01
   3.3834198e-01   9.7391182e-01   4.3978082e-01
   8.0636580e-01   1.2540161e-02   4.6840834e-01
   4.7605943e-01   3.6477518e-01   6.0467275e-01
   4.4223401e-01   2.5566187e-01   7.2495930e-01
   5.2130842e-01   5.6328721e-01   5.5610710e-01
   3.3091959e-01   3.6027456e-01   9.7839644e-01
   9.9327613e-02   6.0884389e-01   3.7953302e-01
   2.2128772e-01   7.8341425e-01   2.2361162e-01
   4.6906536e-01   7.0416005e-01   3.6300390e-01
   2.8512683e-01   3.3839938e-01   9.7852265e-01
   5.3316451e-01   6.2317681e-01   6.3876807e-01
   6.6061971e-01   3.0493886e-01   9.2056974e-03
   5.3954044e-01   5.9384361e-01   6.3822206e-01
   7.1569462e-01   7.1301300e-01   9.6305789e-01
   7.7201162e-01   2.0928155e-02   4.5647744e-01
   9.5362954e-01   8.7763631e-01   5.3027317e-01
   1.6275057e-01   7.9552844e-01   3.2470850e-01
   8.3965620e-02   7.8875796e-01   4.1312751e-01
   2.4865382e-01   9.7347722e-01   4.4791327e-01
   9.2683791e-01   5.5892787e-02   4.8183889e-01
   5.8647666e-01   5.4863919e-01   6.5691218e-01
   5.2848422e-01   1.7982414e-01   4.2457846e-01
   5.3688433e-01   3.4812709e-01   3.3557504e-01
   3.8248544e-01   2.4467941e-02   5.5416287e-01
   7.2916478e-01   6.9116477e-01   9.6175197e-01
   7.8097986e-01   7.7634575e-01   7.8559821e-01
   7.4157060e-01   6.4122659e-01   9.2650675e-01
   2.6083460e-01   6.5279321e-01   6.1152098e-02
   7.7161129e-01   5.9679125e-01   8.0423211e-01
   7.8664485e-01   6.5166653e-01   8.5449632e-01
   3.1247424e-01   1.2326691e-01   6.8358336e-01
   4.5550207e-01   1.2593697e-01   5.7619981e-01
   9.7939009e-01   2.3329253e-01   4.5540560e-01
   4.2417956e-01   5.1120317e-01   4.6855111e-01
   7.9923857e-01   7.0643809e-01   8.2806344e-01
   9.6593367e-01   9.7246041e-01   5.0991140e-01
   9.6706699e-01   6.4596720e-02   4.8799539e-01
   6.8059868e-01   4.3268520e-01   2.0813324e-01
   9.8946343e-02   5.0839078e-02   5.2555355e-01
   3.7063500e-01   7.5268814e-01   1.0788348e-01
   3.0400516e-01   3.6567874e-01   9.6701564e-01
   6.4873366e-01   2.2139840e-02   4.4435744e-01
   6.9023691e-01   3.4375753e-01   9.4912306e-03
   8.1435683e-01   5.5179291e-01   6.4092475e-01
   7.3023769e-01   5.2235665e-01   5.9548377e-01
   7.4347671e-02   6.2298464e-01   4.0137053e-01
   8.5739141e-01   2.7091181e-01   3.0011156e-01
   2.8641227e-01   1.4285842e-01   7.1093548e-01
   1.4312268e-01   4.9529436e-01   5.1143851e-01
   1.3906293e-01   1.1496888e-02   5.2274445e-01
   7.0836906e-01   4.2713188e-01   1.9699770e-01
   7.0265372e-01   2.2130944e-01   1.3182171e-01
   4.8729386e-03   8.1415796e-01   4.7287229e-01
   9.4662849e-02   1.7646325e-01   5.7986729e-01
   6.7626148e-01   7.0026635e-01   9.9487714e-01
   2.7754875e-01   2.9745736e-01   9.6424808e-01
   2.1577323e-01   1.3496816e-01   6.5013705e-01
   8.5174839e-01   5.0122750e-01   5.0334349e-01
   2.0297524e-01   4.9123521e-01   5.2986673e-01
   6.8453023e-01   3.1733189e-01   1.1636733e-03
   5.2411271e-01   7.1405684e-01   6.0919189e-01
   6.4034470e-02   7.9904865e-01   4.3496761e-01
   5.7877908e-01   8.3757507e-02   4.1972172e-01
   2.3118333e-01   1.6087839e-01   7.0162860e-01
   6.4784181e-01   1.4669240e-02   4.4982548e-01
   7.4441875e-01   7.9907322e-02   3.9809378e-01
   7.5919640e-01   7.8884672e-01   7.9680780e-01
   8.1864360e-01   6.5689468e-01   7.9206605e-01
   4.0783865e-02   7.5741533e-01   4.3886832e-01
   6.1224565e-01   3.9163412e-01   1.4194531e-01
   5.6635921e-01   2.8349194e-01   2.2514289e-01
   1.5015947e-01   9.5994096e-01   4.6688520e-01
   7.9370578e-01   7.8251434e-01   7.5725648e-01
   6.2811143e-01   8.4983306e-01   7.1521867e-01
   3.7967906e-01   1.2949096e-01   6.7333973e-01
   5.0557626e-02   4.2619491e-01   5.5454446e-01
   2.4341542e-01   3.1283378e-01   9.1997258e-01
   8.1038352e-01   7.7241078e-01   7.4415757e-01
   4.0640659e-01   8.5044086e-01   3.2601640e-01
   4.3823159e-01   5.1037355e-01   4.7588035e-01
   2.0013225e-01   3.5726689e-01   8.2285256e-01
   8.2457811e-01   7.8761320e-01   7.0414478e-01
   6.3069598e-01   5.0577544e-01   5.2513162e-01
   5.8934540e-02   3.5247659e-01   5.9177883e-01
   2.7371641e-01   5.1332476e-01   4.4461812e-01
   7.8973193e-01   5.5781487e-01   6.8157672e-01
   4.7658824e-01   7.3056566e-02   5.2462463e-01
   7.8131440e-01   7.8548621e-02   4.1539934e-01
   6.2510038e-02   3.4340909e-01   5.9712404e-01
   4.1058183e-01   9.3841301e-01   4.3103479e-01
   7.6264505e-01   7.4258185e-01   8.6262227e-01
   9.0148710e-01   3.6205340e-01   3.6502541e-01
   8.3372206e-01   6.9566558e-01   7.6262637e-01
   3.8318124e-01   5.8331411e-01   1.9782902e-01
   6.4358560e-01   1.2480814e-02   4.5178592e-01
   8.5630750e-01   3.9765275e-01   3.2371972e-01
   9.7333824e-01   5.6865494e-01   5.3804564e-01
   7.2511015e-02   2.9022480e-01   6.0674582e-01
   3.6158126e-01   1.5059374e-01   7.2208720e-01
   9.2631333e-01   8.4013620e-01   5.5650634e-01
   2.5309430e-01   4.6000724e-01   6.6075110e-01
   2.5083440e-01   1.7288594e-01   7.4053699e-01
   1.0000000e+00   8.7544478e-01   5.1741193e-01
   2.2661210e-01   3.1235060e-01   8.8835611e-01
   4.5601103e-01   7.7163900e-01   3.4640040e-01
   7.9472379e-01   2.9924334e-01   1.6266106e-01
   7.2305511e-01   4.8074339e-02   4.2497189e-01
   8.6784220e-01   8.6789839e-01   5.8026074e-01
   3.1133486e-01   8.2377861e-01   2.1738492e-01
   1.7457603e-03   1.0863680e-01   5.1546784e-01
   7.5546471e-01   7.4979585e-01   8.6421114e-01
   2.6963927e-01   4.7227054e-01   6.2015869e-01
   5.3418979e-01   6.9631933e-02   4.6840616e-01
   6.6170783e-01   6.6121960e-01   9.9469646e-01
   8.6987183e-01   1.4913270e-01   4.1183454e-01
   6.1455729e-01   8.6315183e-01   6.8123917e-01
   4.1949220e-01   5.0441686e-02   5.5767683e-01
   7.1401664e-01   9.8656797e-01   5.5165383e-01
   8.9833601e-01   4.3754678e-01   4.1997460e-01
   7.4773603e-01   1.1791394e-01   3.5058740e-01
   7.1771896e-01   3.3208937e-01   2.5119482e-02
   4.1504200e-01   2.6204456e-01   8.1800015e-01
   6.7525058e-02   1.1024778e-01   5.3441391e-01
   4.6397985e-01   6.9645498e-02   5.3551874e-01
   1.0334082e-01   1.2887154e-01   5.5945520e-01
   3.1346434e-01   9.6166229e-01   4.2897916e-01
   9.6965646e-01   7.5694650e-01   5.5585114e-01
   4.1694062e-01   9.1702524e-01   4.1678129e-01
   3.2971437e-02   1.2470089e-01   5.2634384e-01
   1.5603645e-01   2.0102180e-01   6.6473416e-01
   2.2596736e-01   3.4480697e-01   8.8246210e-01
   9.5056984e-01   4.8224066e-01   4.8747718e-01
   6.9481666e-01   2.6499904e-01   5.1023452e-02
   6.3364118e-01   9.1696277e-01   6.1584094e-01
   6.0140320e-01   4.7770819e-01   4.1755334e-01
   5.8333537e-01   7.0304463e-02   4.2787429e-01
   6.8652942e-01   6.1824539e-01   9.4119697e-01
   1.8671058e-01   2.2387196e-01   7.3495694e-01
   5.7809722e-01   1.7201832e-01   3.1939459e-01
   8.2080049e-01   4.3969390e-01   3.4688760e-01
   6.2763844e-01   1.5291523e-01   2.8379781e-01
   3.7165436e-02   9.6287757e-01   4.9111405e-01
   1.7168850e-01   6.5944420e-01   2.2845365e-01
   1.5702639e-01   7.1363199e-01   2.6445379e-01
   7.3681202e-01   3.9819460e-01   1.3745460e-01
   8.4609937e-01   4.2145098e-01   3.4220556e-01
   9.5223941e-01   6.4814666e-01   5.8009984e-01
   1.8845219e-01   7.0426608e-01   1.9763644e-01
   8.7358389e-01   1.1210547e-02   4.8227748e-01
   2.4181050e-01   3.6197955e-01   8.9716717e-01
   5.3128573e-01   5.9431263e-01   6.1118486e-01
   9.7803041e-02   5.0978516e-01   4.8862598e-01
   7.3744427e-01   9.8132852e-01   5.5191477e-01
   5.4966500e-01   6.0211196e-01   6.8093531e-01
   1.0927742e-01   9.3151439e-01   4.6795553e-01
   8.1519354e-01   4.5401214e-01   3.7565220e-01
   7.3960508e-01   5.8616225e-01   8.1964740e-01
   5.9839281e-01   2.1937792e-01   2.0818546e-01
   4.4576810e-03   3.0734856e-01   5.4741171e-01
   3.9230700e-01   1.4689771e-01   6.8905557e-01
   3.7639551e-02   9.7806984e-01   4.9286943e-01
   4.8323281e-01   1.1613408e-01   5.2753777e-01
   1.5790052e-01   3.0837892e-02   5.3368020e-01
   3.2983656e-01   2.7172174e-01   9.6469214e-01
   7.5823580e-01   8.5465286e-01   6.8702959e-01
   1.2966774e-01   5.2843191e-01   4.5082003e-01
   3.7418278e-01   1.2312837e-01   6.6732946e-01
   6.6340002e-02   7.8944491e-01   4.2916426e-01
   8.8900646e-01   8.7805681e-01   5.6022747e-01
   8.6286539e-01   7.8895600e-01   6.4925881e-01
   7.4022425e-01   1.4511130e-01   3.0320944e-01
   9.4395497e-01   3.9724617e-01   4.2871942e-01
   9.3650777e-01   9.1435859e-01   5.2584442e-01
   1.6300779e-01   8.5348595e-02   5.6551787e-01
   2.3805340e-01   8.8442047e-01   3.6152377e-01
   6.3773073e-01   9.8225126e-01   5.5397557e-01
   2.0164115e-01   1.7108740e-01   6.8547432e-01
   7.6478036e-02   1.3728611e-01   5.4845962e-01
   9.4497800e-01   9.0560497e-01   5.2567766e-01
   9.9357894e-02   9.7883549e-02   5.4259335e-01
   7.7628044e-01   9.0834187e-01   6.0351172e-01
   8.3170476e-01   5.4053263e-01   5.9920294e-01
   6.3580029e-01   5.6665755e-01   7.7355360e-01
   3.7085668e-01   3.6655806e-01   9.3345197e-01
   2.5762768e-01   8.7460169e-01   3.3528054e-01
   3.8662391e-01   9.5115947e-01   4.3041529e-01
   1.2233177e-01   2.6629070e-01   6.6717598e-01
   3.1217138e-01   7.6419139e-01   9.6553660e-02
   3.0456180e-01   8.0968783e-01   1.9019314e-01
   6.4098731e-01   1.8832961e-02   4.4774239e-01
   7.3339423e-01   1.3781799e-01   3.1103735e-01
   8.2544975e-02   9.7737898e-01   4.8690267e-01
   7.7241710e-01   1.7290878e-01   2.8597269e-01
   8.5268813e-01   9.1627592e-03   4.7905809e-01
   3.1247000e-01   8.7978975e-01   3.2328950e-01
   6.2468344e-01   4.9042122e-01   4.5972392e-01
   8.0734327e-02   7.3242715e-01   3.9200698e-01
   2.4140305e-01   7.4341779e-01   1.3387123e-01
   5.2954964e-01   4.3817231e-01   4.2694620e-01
   8.7004850e-01   8.6669400e-01   5.7954117e-01
   7.1698509e-01   7.9924515e-01   8.2165266e-01
   5.1325630e-02   7.0664397e-02   5.1927932e-01
   5.3169584e-01   7.8159310e-01   6.0991352e-01
   9.0711942e-01   6.4721425e-01   6.3260815e-01
   7.2442672e-01   6.1674292e-01   9.1121179e-01
   9.5885757e-01   3.7794763e-01   4.3422209e-01
   9.9082462e-01   9.3006366e-01   5.1169244e-01
   9.0710457e-01   2.5528039e-01   3.8256626e-01
   1.7047200e-01   8.4144497e-01   3.6543996e-01
   7.3062486e-01   1.1243181e-01   3.4969808e-01
   2.1634816e-02   7.3691043e-01   4.4845129e-01
   4.1322013e-01   2.1805372e-01   7.6610986e-01
   5.0579721e-01   1.0017715e-01   4.9317660e-01
   4.3318127e-01   9.7413513e-01   4.6557596e-01
   9.1961019e-01   4.8584619e-01   4.8545533e-01
   8.5564895e-01   2.9624831e-02   4.7286094e-01
   3.7607866e-01   1.2465250e-01   6.6842010e-01
   6.7526638e-01   7.4487911e-01   9.4138914e-01
   3.5930673e-01   3.8716137e-01   9.1232640e-01
   4.1551678e-01   5.0471831e-01   4.8673149e-01
   1.3288100e-02   5.1326040e-01   4.9496979e-01
   8.2741564e-01   5.1823002e-01   5.4734157e-01
   1.5444299e-01   9.0790491e-01   4.3643948e-01
   8.2086340e-01   5.8394782e-03   4.7409416e-01
   2.9583578e-01   1.9116549e-01   8.0942612e-01
   8.3988191e-01   3.4049285e-01   2.5209079e-01
   5.3761428e-01   1.6901386e-01   4.0873570e-01
   1.1784018e-01   6.9886487e-01   3.2909466e-01
   7.0717014e-01   6.8718729e-01   9.8778464e-01
   8.3696378e-01   9.8265402e-01   5.2967786e-01
   8.4016425e-02   9.0581169e-01   4.6729744e-01
   4.0056851e-01   7.3281844e-01   1.3930031e-01
   1.6650216e-01   6.9274463e-01   2.3797491e-01
   5.0518045e-01   8.1705841e-02   4.9530619e-01
   7.5116536e-02   2.4325154e-01   5.9496915e-01
   8.9252755e-02   1.2187957e-01   5.4839301e-01
   1.3774942e-01   1.7398823e-01   6.1802660e-01
   6.8512767e-01   7.1118188e-02   3.9495081e-01
   2.4088749e-01   5.0955083e-01   4.6542712e-01
   5.1679084e-02   7.3069386e-01   4.2263401e-01
   7.7313051e-01   1.8305638e-01   2.7056465e-01
   7.0288809e-01   6.0871503e-01   9.1252985e-01
   5.9972953e-01   2.6370516e-01   1.4226385e-01
   6.6647662e-01   8.9805331e-01   6.5003700e-01
   2.5367821e-01   6.0598113e-02   5.8366903e-01
   2.3885341e-01   4.3198737e-01   7.4419449e-01
   9.1203457e-01   2.4633103e-01   3.9251739e-01
   6.8212489e-01   2.0658459e-01   1.5462120e-01
   1.0971304e-01   7.8444959e-01   3.8338181e-01
   2.8934170e-01   6.8199541e-01   1.6491625e-02
   5.3106461e-01   6.8769427e-01   6.4439332e-01
   4.5690716e-01   2.0925536e-01   6.3791975e-01
   7.4885206e-01   1.8655648e-01   2.3775210e-01
   6.8672249e-01   2.4861168e-01   7.4243666e-02
   1.1053407e-01   6.5240218e-02   5.3361136e-01
   4.4077114e-01   9.5549111e-01   4.6061569e-01
   1.0174022e-01   5.9777853e-01   3.8506799e-01
   1.8204055e-02   1.1782425e-01   5.2067124e-01
   2.0632082e-01   6.8595750e-01   1.5458217e-01
   1.5561086e-01   4.6295848e-02   5.3989580e-01
   5.2289973e-01   8.7955494e-01   5.3940795e-01
   7.4593832e-01   1.5078589e-01   2.9782609e-01
   4.4751306e-01   4.3148995e-01   6.3996644e-01
   4.5510855e-01   3.4899333e-01   6.9884884e-01
   9.2807215e-01   9.6523076e-01   5.1618599e-01
   7.8247641e-01   5.5614938e-01   6.8419924e-01
   8.7085222e-01   5.5301370e-01   5.9211603e-01
   4.1274141e-01   6.2905311e-01   1.6992917e-01
   3.5428848e-01   5.0905980e-01   4.6166122e-01
   2.0893988e-02   9.2215850e-01   4.8792959e-01
   7.8792427e-01   9.2238244e-01   5.8371453e-01
   6.3666003e-01   5.5275392e-01   7.2285077e-01
   6.1240609e-01   5.3062585e-01   6.2083941e-01
   2.1022502e-01   8.9051810e-01   3.8717004e-01
   9.7290454e-01   1.7757021e-01   4.6552289e-01
   9.0811206e-01   1.0355178e-01   4.6095461e-01
   8.2072126e-01   8.8679154e-01   5.9803324e-01
   6.0105295e-02   1.6071799e-01   5.4886066e-01
   4.3307135e-01   6.6214061e-01   2.1341017e-01
   4.7685542e-02   9.8263191e-01   4.9231294e-01
   9.1236813e-01   5.8053971e-01   5.8765998e-01
   1.3165066e-01   3.6506709e-01   6.8795700e-01
   2.2705333e-01   2.1877609e-01   7.8994684e-01
   8.9585198e-01   9.1121528e-01   5.4077243e-01
   5.7232591e-01   7.9260375e-02   4.2886941e-01
   1.3692167e-01   2.3360747e-01   6.6762024e-01
   7.5167092e-01   3.0871853e-01   7.5966721e-02
   1.3215801e-01   6.0243378e-01   3.4072945e-01
   9.9100671e-01   2.5935919e-01   4.5753268e-01
   9.0017883e-01   4.6795939e-01   4.5825207e-01
   6.2731434e-01   1.9634616e-01   2.0303772e-01
   8.1184213e-01   1.1788930e-01   3.9421417e-01
   4.9220549e-01   2.8763784e-01   5.3544129e-01
   2.1281716e-01   6.8108418e-02   5.7537137e-01
   2.3703028e-01   3.4350779e-02   5.5706088e-01
   8.3374751e-01   9.3619281e-01   5.5317871e-01
   3.4939936e-01   1.4719603e-01   7.2211159e-01
   7.5968856e-01   9.9153116e-01   5.4176545e-01
   5.3698845e-02   6.7924988e-01   4.1374111e-01
   7.0130872e-01   2.6703664e-01   5.1799540e-02
   1.2558921e-01   4.7018720e-01   5.5310972e-01
   6.5626255e-02   2.3673566e-01   5.8300288e-01
   5.0771625e-01   2.8309790e-01   4.6616480e-01
   4.9537206e-01   5.4259013e-01   4.9336187e-01
   7.0934936e-01   4.3767383e-01   2.3534727e-01
   1.5141857e-01   4.9564707e-01   5.1139810e-01
   5.0621370e-01   2.7852982e-01   4.7314769e-01
   8.8233565e-01   9.2094631e-02   4.5485095e-01
   7.3447675e-01   4.1896802e-01   1.9101707e-01
   6.0645912e-01   6.2708836e-01   8.8056520e-01
   5.8155589e-01   9.0450582e-01   5.9681257e-01
   8.0056594e-01   6.9518357e-01   8.3052822e-01
   4.6660775e-01   4.2229292e-01   6.0155991e-01
   1.9769006e-01   7.3621670e-01   2.0314571e-01
   5.3336916e-01   8.0276309e-01   6.0207259e-01
   5.4860884e-01   3.6141943e-01   2.9293842e-01
   6.3556591e-01   4.2239057e-02   4.3007118e-01
   4.3708853e-01   7.9509016e-01   3.1241875e-01
   2.6847311e-01   7.7889440e-01   1.5466899e-01
   2.0602816e-01   3.4628472e-01   8.4201344e-01
   3.8018971e-02   3.6956410e-01   5.6823852e-01
   5.7945020e-03   7.1437436e-01   4.5585015e-01
   7.5520319e-01   5.9654226e-01   8.2738081e-01
   7.2093735e-01   1.2013725e-01   3.3358365e-01
   2.8313270e-01   3.5396742e-01   9.6481042e-01
   2.0536308e-01   3.9302727e-01   7.8838655e-01
   7.2275910e-01   4.5981873e-02   4.2684297e-01
   2.4948923e-01   9.5148057e-02   6.2017866e-01
   9.3183545e-01   6.1839335e-01   5.9217976e-01
   5.2180879e-01   2.4362708e-02   4.8906193e-01
   9.7018169e-01   3.6758624e-01   4.4084506e-01
   5.9688175e-01   9.4417297e-02   3.9450446e-01
   5.2394853e-01   7.0874203e-01   6.0961620e-01
   1.3403761e-01   7.3458062e-01   3.1687284e-01
   9.3253300e-01   4.9021579e-01   4.9172936e-01
   9.1844266e-01   1.0734368e-01   4.6379166e-01
   3.9850991e-01   1.2306645e-01   6.4739337e-01
   5.2555842e-01   5.2126731e-01   5.2436429e-01
   4.1840019e-01   9.4501901e-01   4.4072425e-01
   6.4023567e-03   1.3486323e-01   5.2064049e-01
   1.3678752e-01   6.3502309e-02   5.4174536e-01
   3.1618932e-01   7.9321477e-01   1.5328858e-01
   7.5151320e-03   4.9226665e-03   5.0577516e-01
   5.3493153e-01   3.3305732e-01   3.4112731e-01
   4.5478229e-01   6.4002671e-01   3.0744478e-01
   9.7172690e-01   2.9633836e-01   4.3913432e-01
   3.6654505e-01   4.4436179e-01   7.3326560e-01
   8.5391726e-01   8.5390598e-01   6.0203217e-01
   1.3602857e-01   8.1371841e-01   3.7541337e-01
   3.6682275e-01   5.3337507e-01   3.5950016e-01
   9.4904143e-01   4.7919722e-01   4.8487391e-01
   4.9344565e-02   5.2971192e-03   5.0901800e-01
   9.5082300e-01   4.3162110e-01   4.5237817e-01
   9.5091730e-01   7.5493352e-01   5.7083000e-01
   4.9023514e-01   3.3708946e-02   5.0733577e-01
   7.6440252e-01   3.2665745e-01   9.6450798e-02
   4.2592443e-01   5.1362739e-02   5.5457713e-01
   2.1258522e-01   4.7362831e-01   5.8960748e-01
   4.0810307e-01   4.5131713e-02   5.5977867e-01
   7.3743107e-01   8.1126796e-02   3.9408956e-01
   6.3681018e-01   2.4177754e-01   1.0786779e-01
   9.3284049e-01   1.4951142e-01   4.5434848e-01
   1.0758388e-01   2.9389301e-01   6.5529426e-01
   7.4829019e-01   5.9219288e-01   8.2569887e-01
   8.7670082e-01   2.8235580e-01   3.2689230e-01
   9.9461918e-01   6.3685412e-01   5.4551118e-01
   8.9004552e-01   6.3253697e-01   6.5144324e-01
   6.7817267e-01   9.9456386e-01   5.4835757e-01
   6.9651717e-01   2.0360450e-01   1.6446095e-01
   8.5393415e-01   7.6292438e-01   6.8405557e-01
   7.8269963e-02   3.6460534e-01   6.1068815e-01
   8.0119399e-01   7.6663190e-01   7.6639432e-01
   6.6757331e-01   1.7146345e-01   2.2787291e-01
   3.6151553e-01   6.9741767e-01   3.1199264e-02
   6.8038538e-01   5.5855639e-01   7.5893888e-01
   2.4220698e-01   7.8693979e-02   5.9794131e-01
   2.7095534e-01   5.1711882e-01   4.2886036e-01
   2.7960843e-01   3.3114838e-01   9.7508171e-01
   3.0741875e-01   3.2712296e-01   9.9900168e-01
   7.1250738e-01   7.7883053e-01   8.6500068e-01
   2.9866269e-01   4.2154563e-01   8.2838435e-01
   3.9189063e-01   9.0602448e-01   3.8659641e-01
   7.8561147e-01   2.2079626e-01   2.2901366e-01
   3.7269676e-01   8.7266703e-02   6.1774136e-01
   3.6304210e-01   5.0704479e-01   4.7140933e-01
   8.5020820e-02   9.4710778e-01   4.7967860e-01
   2.5940050e-02   1.7687396e-01   5.3652278e-01
   6.9455692e-01   1.0880711e-01   3.4370677e-01
   9.0543105e-01   4.6192055e-01   4.5323696e-01
   4.2584784e-01   6.3535929e-01   2.0392264e-01
   3.1257520e-01   2.2233168e-01   8.7907685e-01
   3.8987962e-01   8.1195476e-01   2.4013684e-01
   8.3424104e-01   3.9893221e-01   2.9072039e-01
   2.9941762e-02   6.3417947e-01   4.4021099e-01
   7.1305834e-02   2.5627197e-01   5.9582477e-01
   3.5179365e-01   4.3188032e-01   7.8912112e-01
   6.7886342e-01   7.2454393e-01   9.7098888e-01
   4.9524951e-01   9.2042962e-01   4.9629189e-01
   7.7145260e-01   3.1276339e-02   4.4988295e-01
   5.4708407e-01   5.3344422e-01   5.6587822e-01
   9.8084607e-01   2.8761743e-01   4.4699518e-01
   1.9177326e-01   9.6663961e-02   5.9026585e-01
   9.6776824e-01   8.0687798e-01   5.4394746e-01
   6.8142212e-01   3.1826771e-01   4.2832090e-04
   2.0409075e-01   6.9437981e-01   1.6143058e-01
   6.8962804e-01   6.2540520e-01   9.5417251e-01
   1.0260337e-01   8.4634469e-01   4.2944847e-01
   1.8858314e-01   7.8728248e-01   2.7791767e-01
   4.2388178e-01   5.9342500e-01   2.5724849e-01
   4.1483694e-01   8.1289454e-01   2.8454733e-01
   2.3988922e-01   2.9622171e-01   9.0597730e-01
   7.3976313e-01   4.1544227e-01   1.8618368e-01
   9.5717135e-01   9.6689245e-01   5.1162444e-01
   9.6510486e-01   9.9760722e-01   5.0751348e-01
   7.0256909e-01   1.4835746e-01   2.7734703e-01
   1.0050886e-01   8.5639247e-02   5.3801094e-01
   2.2082852e-01   5.4919440e-01   3.3603559e-01
   7.4425910e-01   8.8788472e-01   6.4639818e-01
   9.4735193e-01   8.2297753e-01   5.5049266e-01
   1.0552481e-01   8.9425747e-01   4.5341002e-01
   9.1310114e-01   4.1860601e-02   4.8221686e-01
   4.3569583e-01   3.4613930e-01   7.7658674e-01
   8.1942853e-01   9.3121169e-01   5.6233160e-01
   6.3481848e-01   3.7619428e-01   7.5483804e-02
   3.1533721e-01   7.9889553e-01   1.6515449e-01
   9.4130555e-01   4.4885116e-01   4.5886064e-01
   3.4812318e-01   3.4090308e-01   9.8687278e-01
   8.5108415e-02   3.1412567e-01   6.2615998e-01
   5.7627662e-01   5.1129089e-01   5.3458873e-01
   5.8836155e-01   4.4480129e-01   3.2206767e-01
   5.2914662e-01   1.3619525e-01   4.4591120e-01
   2.6124509e-01   9.9835875e-01   4.6123036e-01
   9.8887734e-01   8.6327238e-01   5.2225822e-01
   3.6194685e-01   1.2461107e-01   6.7679631e-01
   5.5579748e-01   2.2865095e-01   3.0734017e-01
   2.0567221e-01   6.7876318e-01   1.5514896e-01
   8.9313128e-01   9.0031077e-01   5.4676356e-01
   6.0050895e-01   7.3053938e-01   8.6943675e-01
   7.0105645e-01   5.7204647e-01   8.0453296e-01
   1.0085705e-01   4.3806109e-01   5.8166920e-01
   1.4616846e-01   6.9373168e-01   2.7783216e-01
   3.5063376e-01   8.1471032e-01   2.0545635e-01
   2.8551951e-01   9.0783798e-01   3.7181606e-01
   8.8924659e-01   4.1538677e-03   4.8641930e-01
   9.9723569e-01   5.7861631e-01   5.3115845e-01
   9.7026272e-01   4.4890865e-01   4.7162711e-01
   8.6524703e-01   9.2128800e-02   4.4689349e-01
   5.4842492e-01   6.3591894e-01   7.0699925e-01
   4.3812801e-01   9.0276054e-01   4.2445292e-01
   1.7377438e-01   2.3890580e-01   7.3072021e-01
   7.7565834e-01   1.7752893e-01   2.8224856e-01
   8.6074825e-01   2.7898580e-01   3.0150239e-01
   1.2141352e-01   5.5923930e-01   4.0748479e-01
   7.9881636e-01   8.4033162e-01   6.6984060e-01
   3.5925020e-01   6.0219720e-01   1.1633699e-01
   9.8388173e-01   5.0612766e-01   5.0424562e-01
   5.2103891e-01   8.3622495e-02   4.7728523e-01
   7.1513716e-01   6.3720995e-01   9.5526606e-01
   3.2426106e-01   9.6697431e-01   4.3350040e-01
   7.5258067e-01   5.9130142e-01   8.1792150e-01
   2.4557018e-01   8.6265701e-01   3.2483149e-01
   6.3152121e-01   5.7764014e-01   8.0648727e-01
   9.1822447e-02   5.2222785e-01   4.7401340e-01
   5.4249777e-01   5.3345145e-01   5.6000865e-01
   5.1839815e-01   8.3038621e-01   5.4798211e-01
   5.5567159e-01   3.0106536e-01   2.5694289e-01
   5.9306319e-01   5.2384453e-01   5.8370003e-01
   3.1466781e-02   1.6929882e-01   5.3706846e-01
   9.3199226e-02   4.2418003e-01   5.8938477e-01
   4.1234794e-01   2.6365271e-01   8.2741325e-01
   4.7993882e-01   9.5990187e-01   4.8767375e-01
   3.3455311e-03   9.9371530e-01   4.9694582e-01
   3.5071299e-01   3.7857396e-01   9.3809506e-01
   9.3794907e-01   8.1032610e-01   5.6131915e-01
   6.8746972e-01   6.2831330e-01   9.5999679e-01
   3.3433737e-01   8.8670896e-01   3.3493169e-01
   7.1581963e-03   5.3405704e-01   4.8639748e-01
   6.2137316e-01   2.4335131e-01   1.2675210e-01
   9.8953081e-01   1.8044816e-02   4.9574572e-01
   4.5916974e-01   1.7385760e-02   5.2152226e-01
   8.3964421e-01   2.7605609e-01   2.6505514e-01
   6.9226653e-01   5.6872382e-01   7.9570800e-01
   1.9789164e-01   9.7334686e-01   4.6018444e-01
   9.6105120e-01   2.4274593e-01   4.4066136e-01
   2.9761791e-01   7.4066030e-01   6.2831585e-02
   7.4954418e-01   5.7422335e-02   4.2303613e-01
   9.1653666e-01   9.1970801e-01   5.3028816e-01
   2.8498996e-01   9.8899674e-01   4.5261662e-01
   2.7327579e-02   2.2111028e-01   5.4863369e-01
   5.7102662e-01   8.9494291e-01   5.9543838e-01
   2.3828850e-01   2.7662540e-01   8.8664510e-01
   1.2434849e-02   6.0508904e-01   4.5886887e-01
   1.7188267e-01   6.8711603e-01   2.2593675e-01
   8.0426105e-01   9.3264471e-01   5.6779308e-01
   4.9190853e-01   5.6195101e-01   4.8138401e-01
   1.1220390e-01   3.9831521e-01   6.3426207e-01
   2.9254869e-01   4.6767175e-02   5.7909677e-01
   6.7927518e-01   4.6242876e-01   3.2871648e-01
   6.8038743e-01   6.1929109e-01   9.4443980e-01
   3.7843642e-01   2.1012929e-01   8.1768870e-01
   5.1604236e-01   8.5552941e-01   5.3467955e-01
   5.4920272e-01   1.3933503e-01   4.0781705e-01
   5.3120281e-01   3.1014473e-01   3.5785299e-01
   4.5305027e-01   3.6113483e-01   7.0173693e-01
   6.5784435e-01   7.2204354e-01   9.6840579e-01
   4.4342829e-01   6.7071266e-01   2.5154681e-01
   9.3922559e-01   1.9491102e-02   4.9061574e-01
   4.8944962e-01   4.9666707e-01   5.0290633e-01
   6.1292737e-01   4.8501801e-01   4.4043907e-01
   3.5477825e-01   3.2621845e-01   9.8528819e-01
   5.6949459e-01   8.8344684e-01   6.0477720e-01
   8.1753778e-01   3.1827949e-01   2.0434491e-01
   5.8239681e-01   8.3366395e-01   6.8386099e-01
   6.0088735e-01   7.1372705e-01   8.8659871e-01
   4.3830806e-01   5.9360869e-01   2.9698455e-01
   6.0268266e-01   7.8022525e-01   8.0447006e-01
   5.9679157e-01   4.9152081e-01   4.6963647e-01
   2.5022723e-01   6.7413314e-01   6.9474338e-02
   7.6640080e-01   9.8559126e-01   5.4381852e-01
   7.4953017e-01   9.6492710e-01   5.6118959e-01
   8.0172421e-01   4.1831795e-01   2.7513562e-01
   2.9197406e-01   4.5919323e-02   5.7821310e-01
   9.7481390e-01   2.8360880e-01   4.4303150e-01
   6.7248801e-01   6.3648332e-01   9.7406199e-01
   4.0215918e-01   4.7680956e-01   5.8598742e-01
   9.0423768e-01   1.5183914e-02   4.8644585e-01
   5.0808262e-01   4.2670613e-01   4.7708456e-01
   1.5250641e-01   5.4860943e-01   3.9834882e-01
   1.9411931e-01   2.8622523e-01   8.1061666e-01
   1.9173394e-01   1.4663633e-01   6.4369881e-01
   8.6210135e-01   6.8866814e-01   7.0962209e-01
   2.0918723e-01   4.5247343e-01   6.5284496e-01
   7.9319116e-01   4.4979048e-01   3.4445687e-01
   7.1638107e-01   2.6174997e-01   7.1792365e-02
   8.1097474e-01   2.4733249e-01   2.3725928e-01
   9.0667919e-01   2.2682020e-01   3.9606096e-01
   1.7211070e-01   2.3431616e-01   7.2319058e-01
   8.6269139e-01   6.3624808e-01   6.9741969e-01
   7.7197306e-02   9.7112974e-01   4.8657656e-01
   7.2728507e-01   6.3758921e-01   9.4200371e-01
   6.1463386e-01   9.9386648e-01   5.4244344e-01
   6.7672752e-02   6.5534127e-01   3.9983486e-01
   8.0586632e-01   4.1410114e-01   2.7230930e-01
   6.5837456e-01   1.8599909e-02   4.4610708e-01
   3.6503366e-01   3.6704215e-01   9.4136550e-01
   2.1670653e-01   9.2951666e-01   4.2304471e-01
   4.6680426e-01   1.5133614e-01   5.7196551e-01
   3.3498138e-01   9.7824310e-01   4.4298020e-01
   7.9867783e-01   3.7236998e-01   1.9277323e-01
   8.1570140e-01   5.2055782e-01   5.5776311e-01
   6.1159410e-01   5.8259631e-01   7.9530698e-01
   1.9688033e-01   7.2887998e-01   1.9785685e-01
   2.8936577e-01   2.4590259e-01   9.1100986e-01
   5.5947688e-01   7.5301167e-01   7.2493763e-01
   9.9698003e-01   6.4926018e-01   5.4542152e-01
   2.0865666e-01   5.8259796e-01   2.5897647e-01
   9.0234119e-01   4.7375806e-01   4.6656703e-01
   3.8165335e-01   6.2944063e-01   9.4479402e-02
   2.9263368e-01   8.2931019e-01   2.3491872e-01
   8.7315351e-01   3.5907451e-01   3.2017577e-01
   7.5920703e-02   7.2770609e-01   3.9620415e-01
   6.7899657e-01   4.5357729e-01   2.9085646e-01
   4.4835091e-01   4.2026940e-01   6.5605713e-01
   4.2437757e-01   8.1653610e-01   3.0898517e-01
   2.8019160e-01   5.5822449e-02   5.8585390e-01
   5.6317570e-01   7.2087437e-01   7.6354325e-01
   2.1671839e-01   7.2596081e-01   1.5723546e-01
   7.0139968e-01   2.3581362e-01   1.0343261e-01
   3.9091161e-01   7.5233236e-02   5.9491926e-01
   1.2060993e-01   3.3490124e-02   5.2550917e-01
   5.8956460e-01   5.3206115e-01   6.0856002e-01
   7.3373139e-01   8.1911931e-01   7.6962164e-01
   8.3921232e-01   6.4786099e-01   7.4693606e-01
   6.6246254e-01   6.9962739e-01   9.9189118e-01
   9.1045235e-01   1.7195591e-01   4.2953893e-01
   4.0115776e-01   8.5454009e-01   3.2526823e-01
   2.2751290e-01   1.3139984e-01   6.5463401e-01
   8.9063256e-02   5.7236240e-01   4.2062474e-01
   6.7750052e-01   5.6078195e-01   7.6774430e-01
   6.2905022e-01   7.0603937e-01   9.5218348e-01
   9.0060038e-01   2.4628222e-01   3.7868933e-01
   7.0677962e-01   3.2140174e-01   1.3053580e-02
   9.5127747e-01   6.8504407e-01   5.8322857e-01
   7.1839266e-01   9.4931402e-01   5.8150517e-01
   9.9801149e-01   5.2201290e-01   5.1026843e-01
   5.9029870e-01   9.9932455e-01   5.3385931e-01
   8.9223627e-01   1.8197854e-01   4.0825594e-01
   6.9114929e-01   5.0475353e-01   5.2211545e-01
   4.6255455e-01   4.4754331e-02   5.2774023e-01
   9.0060715e-01   9.4951932e-01   5.2562052e-01
   1.9060836e-01   5.0082221e-01   4.9965200e-01
   1.4556749e-01   7.9330447e-01   3.4563193e-01
   4.5766602e-01   1.0681470e-01   5.6074090e-01
   7.8027571e-01   4.7661106e-01   4.1969004e-01
   6.1430036e-01   7.2781891e-01   9.0373051e-01
   8.8697831e-01   8.0145292e-01   6.1104452e-01
   2.6915031e-01   2.1104604e-01   8.2890133e-01
   4.9807721e-02   3.0451454e-01   5.8396043e-01
   7.4915958e-01   5.7785121e-01   7.8493546e-01
   2.7660052e-01   3.9157776e-01   8.9609540e-01
   3.1307865e-01   5.5662534e-01   2.5191771e-01
   8.1512180e-01   8.0633712e-01   6.9482053e-01
   6.7615127e-01   9.3177909e-01   6.0500938e-01
   5.5187168e-01   6.5200155e-01   7.2894930e-01
   1.3986039e-01   4.0469638e-01   6.6542986e-01
   6.0103384e-02   7.4069633e-01   4.1713545e-01
   3.5322056e-01   1.1384485e-01   6.6320790e-01
   1.8928431e-01   5.2699493e-01   4.2452614e-01
   5.6236196e-01   4.1283642e-01   3.0375306e-01
   3.5156937e-01   2.4525061e-01   9.1187917e-01
   9.6629487e-01   6.9927509e-01   5.6840523e-01
   8.5187731e-01   2.1764518e-02   4.7479433e-01
   6.3772649e-01   9.2992440e-01   6.0170349e-01
   8.7385011e-01   3.0679138e-01   3.1468053e-01
   1.4472603e-01   8.6177615e-01   4.0792012e-01
   9.9278038e-01   2.9181346e-01   4.5466761e-01
   4.4288424e-01   5.9423868e-01   3.0962030e-01
   1.4163769e-01   9.8080936e-01   4.7680484e-01
   9.6354060e-01   5.3243689e-01   5.2206064e-01
   6.1024325e-01   4.7302975e-01   3.9501196e-01
   4.6461118e-01   2.5013932e-01   6.3966513e-01
   5.7089454e-01   9.1821159e-01   5.7494506e-01
   5.5812342e-01   0.0000000e+00   4.7901724e-01
   2.0461960e-02   2.2359788e-01   5.4514518e-01
   8.2761363e-01   4.9271903e-02   4.5585377e-01
   7.0170421e-01   8.8949726e-01   6.6091259e-01
   5.3827100e-01   8.5213167e-01   5.8114881e-01
   4.0177914e-01   6.2954687e-01   1.3942143e-01
   7.2167405e-01   8.4092021e-01   7.3730564e-01
   3.5600951e-01   9.5233316e-01   4.2297337e-01
   3.9215625e-02   9.3093122e-01   4.8597555e-01
   6.7276548e-01   7.9645400e-01   8.4284934e-01
   8.1267913e-01   3.6856683e-02   4.5798237e-01
   2.2029111e-01   4.5036573e-01   6.6907186e-01
   6.8755514e-02   7.9330165e-01   4.2879267e-01
   8.3819028e-01   8.9691292e-01   5.7809600e-01
   4.1351136e-01   9.9587613e-02   6.0465967e-01
   7.2494763e-01   6.8930028e-01   9.6797594e-01
   1.5399841e-01   8.0871422e-01   3.4970556e-01
   3.2142352e-01   5.5763849e-01   2.4719213e-01
   1.3415702e-01   4.5234694e-01   5.8856760e-01
   2.7148688e-01   8.0788565e-01   2.0675006e-01
   8.8337614e-01   3.6295879e-01   3.3852866e-01
   5.1048351e-01   9.5780955e-01   5.0882947e-01
   2.8699553e-01   5.2034361e-01   4.1164062e-01
   8.1295092e-01   3.6349460e-01   2.1153620e-01
   5.3010539e-01   3.6536534e-02   4.8173532e-01
   5.9329610e-01   8.6263006e-01   6.5932640e-01
   5.2796952e-01   8.8184628e-01   5.4659025e-01
   7.8587094e-01   9.9918009e-01   5.3323207e-01
   7.4640688e-01   3.7902482e-02   4.3887715e-01
   7.9813996e-01   7.9200176e-01   7.3745392e-01
   1.7946105e-01   4.1348091e-01   7.1025763e-01
   5.8630534e-01   3.7497412e-01   1.7599045e-01
   4.6664200e-01   1.0256572e-01   5.4660443e-01
   5.5816867e-01   4.4502568e-01   3.7499876e-01
   5.2244192e-02   4.8548445e-01   5.1308391e-01
   5.3863376e-01   9.3663970e-01   5.3587269e-01
   1.9473526e-01   8.7406919e-01   3.7979832e-01
   5.4538896e-01   1.8695702e-02   4.7836230e-01
   9.2324496e-01   3.6363918e-01   3.9385073e-01
   3.3033204e-01   7.9063563e-01   1.4821204e-01
   8.1590752e-01   8.8104059e-01   6.0703897e-01
   9.0570414e-01   1.8928685e-01   4.1604246e-01
   7.9013296e-01   6.8732432e-01   8.5423856e-01
   4.4179852e-01   6.8762074e-01   2.4554836e-01
   2.2267181e-01   5.0484791e-01   4.8505268e-01
   7.3119696e-01   5.2928441e-01   6.2396658e-01
   1.6238583e-01   7.9397252e-01   3.2356069e-01
   5.2358284e-01   4.4193909e-01   4.4477768e-01
   4.0633127e-01   3.2579400e-01   8.8073954e-01
   8.1182988e-01   9.7414671e-01   5.3938359e-01
   6.7031546e-01   8.7519025e-01   6.8745631e-01
   8.5334197e-01   3.2489518e-01   2.7579193e-01
   2.7855109e-01   6.1097322e-01   9.9954253e-02
   4.4238723e-01   9.1925708e-01   4.4079838e-01
   3.4986747e-01   9.4716933e-01   4.1682644e-01
   6.2072818e-01   5.2140551e-01   5.8862390e-01
   7.3137551e-01   4.3392613e-01   2.3648184e-01
   8.8825597e-01   2.9907671e-01   3.4010893e-01
   4.8171211e-01   3.6630151e-01   5.7999090e-01
   9.7863596e-02   8.1873957e-01   4.1692711e-01
   6.4350656e-01   4.1316022e-01   1.5461042e-01
   2.6519705e-01   6.7804200e-01   4.5567064e-02
   3.9372816e-01   2.4640328e-01   8.5148723e-01
   1.0339199e-01   8.6890063e-02   5.3961495e-01
   6.5160513e-01   8.9436703e-01   6.5290934e-01
   3.4169045e-01   9.7446776e-01   4.4046215e-01
   2.4723110e-01   2.2569311e-01   8.2946213e-01
   4.8125289e-01   3.1274881e-01   5.8713131e-01
   1.6167319e-01   6.4346889e-01   2.5564405e-01
   7.1678277e-01   9.7707838e-01   5.5805932e-01
   2.0732467e-01   9.2586585e-01   4.2399357e-01
   3.1630527e-01   5.9582277e-01   1.1614239e-01
   8.5940950e-03   6.7340684e-01   4.5213534e-01
   4.6925884e-01   2.2958854e-01   6.1142515e-01
   4.6862733e-01   8.3036100e-02   5.3604657e-01
   3.8248673e-01   6.7369067e-01   6.1778583e-02
   6.0277091e-02   6.1491283e-01   4.1938120e-01
   3.3725320e-01   5.6560918e-01   2.1835320e-01
   5.3290116e-01   3.9031390e-01   3.7324048e-01
   3.3685390e-01   5.8363345e-01   1.5526788e-01
   5.8295168e-01   8.3124902e-01   6.8820609e-01
   7.6388085e-01   3.9159410e-01   1.6113084e-01
   3.6916731e-01   7.5620965e-01   1.1157864e-01
   3.1760141e-01   9.3872098e-01   4.0564407e-01
   8.6927991e-01   1.4475670e-01   4.1460887e-01
   4.5771767e-01   7.5514139e-01   3.4037347e-01
   5.7062038e-01   2.4328997e-01   2.4650377e-01
   4.5449671e-01   3.7102940e-01   6.8991751e-01
   2.3482884e-01   5.5042317e-01   3.1999718e-01
   9.5320635e-01   2.5698488e-01   4.3058176e-01
   7.7512794e-01   3.6080124e-01   1.3540778e-01
   8.1979792e-01   5.0080633e-01   5.0277109e-01
   8.7702456e-01   8.9252763e-02   4.5390736e-01
   2.4419567e-01   3.8472143e-01   8.6764326e-01
   6.3993263e-01   8.6270973e-01   7.0030630e-01
   8.5305107e-01   5.7054896e-01   6.3797394e-01
   3.4222525e-01   9.4708124e-01   4.1569134e-01
   8.5391814e-01   4.5551741e-01   4.1077246e-01
   4.1378105e-02   9.2967708e-01   4.8533132e-01
   6.8275375e-01   7.2976879e-01   9.6368786e-01
   2.7345613e-01   7.4698467e-01   9.4546808e-02
   1.5584440e-01   2.8832465e-01   7.3659099e-01
   1.7241796e-02   5.3962444e-01   4.8154737e-01
   2.5719853e-01   7.0512611e-01   6.8025059e-02
   2.2550666e-03   1.1918096e-01   5.1710903e-01
   4.0968541e-01   5.8454490e-01   2.4246990e-01
   3.1241474e-01   3.4751637e-01   9.9131977e-01
   5.5386606e-01   4.1071241e-01   3.2471763e-01
   4.6926442e-01   2.0401134e-01   5.9695387e-01
   3.3912554e-01   5.4902661e-01   2.8411520e-01
   3.9214169e-01   6.3933620e-02   5.8302007e-01
   4.8998334e-01   6.2516206e-01   4.5977592e-01
   8.0448759e-01   8.7232293e-01   6.2507192e-01
   8.9363760e-01   5.2535133e-01   5.3724367e-01
   5.5302645e-01   4.3949612e-01   3.7473607e-01
   1.0832096e-01   7.7029703e-02   5.3743683e-01
   6.8685197e-01   4.4980721e-01   2.7583961e-01
   4.5609003e-01   5.8234522e-01   3.6550877e-01
   3.3591481e-01   1.3232406e-01   6.9887785e-01
   1.1683178e-01   7.7673235e-01   3.6959326e-01
   4.3959651e-01   7.7612012e-01   2.9871391e-01
   8.3083816e-01   9.3299010e-01   5.5633182e-01
   6.8889055e-01   8.4298364e-01   7.4648895e-01
   1.6791710e-01   9.8273579e-01   4.7177061e-01
   9.9555995e-01   2.4000289e-01   4.6323276e-01
   9.0798804e-01   4.6066049e-01   4.5304797e-01
   3.5232647e-01   9.2412783e-01   3.9155060e-01
   1.5354092e-01   9.6468450e-03   5.2492794e-01
   2.5810118e-02   8.0723267e-01   4.6192113e-01
   1.1020954e-01   5.0136452e-01   4.9962844e-01
   7.9113735e-01   2.8365257e-01   1.6528670e-01
   4.8308064e-01   9.1477464e-01   4.8187402e-01
   6.2044355e-01   5.6914094e-01   7.6664114e-01
   4.0109433e-01   6.9250717e-01   1.0963513e-01
   2.8643410e-01   9.4747633e-01   4.1831816e-01
   1.4029712e-01   6.7119532e-01   2.8728606e-01
   5.9160665e-01   4.1040663e-01   2.2589470e-01
   3.8593487e-01   7.8284378e-01   1.8272203e-01
   5.5823297e-01   8.9600196e-01   5.7975087e-01
   2.6125670e-01   7.0408755e-01   6.1081440e-02
   8.7419422e-01   9.0300687e-01   5.5435307e-01
   5.0371482e-01   4.1077238e-01   4.8794731e-01
   4.3128455e-01   3.4589764e-02   5.4193473e-01
   5.6679581e-01   1.2621787e-01   3.9223039e-01
   4.1233609e-01   6.8780084e-01   1.4114993e-01
   8.4994395e-01   7.9179437e-01   6.6384701e-01
   9.8066545e-01   1.8233588e-01   4.6786914e-01
   1.6063457e-01   2.6241786e-01   7.2913091e-01
   7.4729309e-01   2.6207131e-01   1.1027343e-01
   4.9012019e-01   8.3464585e-01   4.7762054e-01
   4.2532549e-01   4.7715281e-01   5.6913958e-01
   7.2701940e-01   6.6491706e-01   9.6496239e-01
   1.1556141e-01   1.6503990e-01   5.9028010e-01
   2.5194751e-01   5.8381652e-01   1.9874076e-01
   3.5520862e-01   1.4587852e-01   7.1704228e-01
   4.6000966e-01   3.1656093e-01   6.8214607e-01
   4.7889215e-01   1.1908113e-01   5.3526910e-01
   5.3519450e-01   9.9105563e-01   5.1722507e-01
   6.3532871e-01   5.9560922e-01   8.6365038e-01
   3.9521590e-01   6.7241087e-01   9.1586421e-02
   4.6726443e-01   4.8492966e-01   5.2252001e-01
   6.7189938e-01   7.0019914e-02   3.9614210e-01
   3.1149222e-01   8.5297771e-01   2.7526979e-01
   7.5017585e-01   1.8600650e-01   2.4010648e-01
   4.3757544e-01   6.4194730e-01   2.3981747e-01
   5.6964780e-01   9.4086216e-01   5.5741050e-01
   9.8092298e-01   9.9487271e-01   5.0655539e-01
   8.8173685e-01   3.0871968e-01   3.2768708e-01
   7.9454350e-01   5.0762149e-03   4.6931087e-01
   1.0670741e-01   6.0957397e-01   3.6954892e-01
   5.3901156e-02   1.1937353e-01   5.3214163e-01
   2.8417392e-01   7.6000320e-01   1.0526098e-01
   4.3391643e-01   9.6617363e-01   4.6210683e-01
   3.6292436e-01   4.6321574e-01   6.6116451e-01
   3.0175734e-01   3.5840410e-02   5.7016171e-01
   1.8670034e-01   2.0728900e-01   7.1437517e-01
