   2.5761412e-01   1.2532538e-01
   2.5761412e-01   1.2532538e-01
   5.0369602e-01   1.2969711e-01
   4.3215124e-01   1.2976135e-01
   4.9005583e-01   1.2927066e-01
   6.4589312e-01   1.3072688e-01
   7.2863902e-01   1.3145069e-01
   2.5863066e-01   1.2792618e-01
   7.3971369e-01   1.3403372e-01
   7.3971369e-01   1.3403372e-01
   5.1976981e-01   1.3083784e-01
   4.9723901e-01   1.2972008e-01
   4.7080978e-01   1.2917800e-01
   7.3971369e-01   1.3403372e-01
   2.5761412e-01   1.2532538e-01
   7.2863902e-01   1.3145069e-01
   3.6703476e-01   1.2885095e-01
   4.2674214e-01   1.2920459e-01
   7.3971369e-01   1.3403372e-01
   6.0129821e-01   1.3191126e-01
   5.3588045e-01   1.3051766e-01
   2.5863066e-01   1.2792618e-01
   3.9197999e-01   1.2773411e-01
   7.3971369e-01   1.3403372e-01
   7.3971369e-01   1.3403372e-01
   7.2863902e-01   1.3145069e-01
   7.2863902e-01   1.3145069e-01
   7.2863902e-01   1.3145069e-01
   2.5761412e-01   1.2532538e-01
   7.3971369e-01   1.3403372e-01
   2.5863066e-01   1.2792618e-01
   2.5863066e-01   1.2792618e-01
   7.2863902e-01   1.3145069e-01
   4.4705285e-01   1.2817621e-01
   4.7566473e-01   1.2955443e-01
   2.5863066e-01   1.2792618e-01
   4.8984744e-01   1.2975511e-01
   4.9806087e-01   1.2986175e-01
   2.5863066e-01   1.2792618e-01
   2.5761412e-01   1.2532538e-01
   6.2486728e-01   1.3047203e-01
   7.3971369e-01   1.3403372e-01
   4.7517315e-01   1.2956268e-01
   7.3971369e-01   1.3403372e-01
   2.5761412e-01   1.2532538e-01
   7.3971369e-01   1.3403372e-01
   7.3971369e-01   1.3403372e-01
   5.8379569e-01   1.3125233e-01
   5.4388885e-01   1.3004668e-01
   5.0531022e-01   1.2981378e-01
   6.2592477e-01   1.3050097e-01
   4.9134641e-01   1.2995701e-01
   7.3971369e-01   1.3403372e-01
   7.2863902e-01   1.3145069e-01
   2.5863066e-01   1.2792618e-01
   5.2838196e-01   1.2992942e-01
   6.3869986e-01   1.3236892e-01
   2.5761412e-01   1.2532538e-01
   2.5863066e-01   1.2792618e-01
   6.0116123e-01   1.3157492e-01
   2.5863066e-01   1.2792618e-01
   2.5761412e-01   1.2532538e-01
   7.2863902e-01   1.3145069e-01
   3.5724470e-01   1.2700537e-01
   5.1956002e-01   1.3038761e-01
   7.3971369e-01   1.3403372e-01
   4.6773756e-01   1.3016998e-01
   7.2863902e-01   1.3145069e-01
   7.3971369e-01   1.3403372e-01
   6.4431677e-01   1.3239408e-01
   3.7575037e-01   1.2892534e-01
   7.2863902e-01   1.3145069e-01
   7.2863902e-01   1.3145069e-01
   7.2863902e-01   1.3145069e-01
   5.2610701e-01   1.2919260e-01
   4.4230313e-01   1.2985556e-01
   5.4065796e-01   1.2937687e-01
   4.8210011e-01   1.3034417e-01
   7.2863902e-01   1.3145069e-01
   7.3971369e-01   1.3403372e-01
   2.5863066e-01   1.2792618e-01
   2.5863066e-01   1.2792618e-01
   5.5283143e-01   1.2952692e-01
   4.7585537e-01   1.2927111e-01
   3.5171494e-01   1.2876769e-01
   4.2882780e-01   1.2840834e-01
   2.5761412e-01   1.2532538e-01
   7.3971369e-01   1.3403372e-01
   4.3809548e-01   1.2857217e-01
   5.1659536e-01   1.3081489e-01
   7.2863902e-01   1.3145069e-01
   2.5863066e-01   1.2792618e-01
   2.5863066e-01   1.2792618e-01
   2.5761412e-01   1.2532538e-01
   6.4860490e-01   1.3246308e-01
   2.5761412e-01   1.2532538e-01
   2.5761412e-01   1.2532538e-01
   5.6604882e-01   1.2972816e-01
   2.5863066e-01   1.2792618e-01
   2.5863066e-01   1.2792618e-01
   2.5863066e-01   1.2792618e-01
   4.6284168e-01   1.2903221e-01
   4.9584419e-01   1.3053266e-01
   2.5761412e-01   1.2532538e-01
   7.2863902e-01   1.3145069e-01
   7.2863902e-01   1.3145069e-01
   5.8856107e-01   1.3036318e-01
   5.4741556e-01   1.3007049e-01
   7.3971369e-01   1.3403372e-01
   3.6430847e-01   1.2883352e-01
   2.5761412e-01   1.2532538e-01
   2.5761412e-01   1.2532538e-01
   3.7914737e-01   1.2722935e-01
   2.5863066e-01   1.2792618e-01
   2.5863066e-01   1.2792618e-01
   7.2863902e-01   1.3145069e-01
   7.2863902e-01   1.3145069e-01
   7.2863902e-01   1.3145069e-01
   5.1876099e-01   1.3006071e-01
   3.5263396e-01   1.2876387e-01
   2.5863066e-01   1.2792618e-01
   5.1643455e-01   1.2911186e-01
   5.0158295e-01   1.2969572e-01
   5.0763674e-01   1.2992513e-01
   2.5863066e-01   1.2792618e-01
   5.1805752e-01   1.3004592e-01
   5.5887041e-01   1.3096651e-01
   2.5863066e-01   1.2792618e-01
   2.5863066e-01   1.2792618e-01
   3.4539108e-01   1.2865417e-01
   5.6178381e-01   1.2968735e-01
   7.3971369e-01   1.3403372e-01
   7.2863902e-01   1.3145069e-01
   6.4801545e-01   1.3250091e-01
   4.6644813e-01   1.2951810e-01
   7.3971369e-01   1.3403372e-01
   2.5761412e-01   1.2532538e-01
   7.2863902e-01   1.3145069e-01
   7.3971369e-01   1.3403372e-01
   2.5761412e-01   1.2532538e-01
   5.4654152e-01   1.2947321e-01
   7.2863902e-01   1.3145069e-01
   3.8562311e-01   1.2733285e-01
   2.5863066e-01   1.2792618e-01
   2.5863066e-01   1.2792618e-01
   2.5761412e-01   1.2532538e-01
   7.3971369e-01   1.3403372e-01
   2.5761412e-01   1.2532538e-01
   2.5863066e-01   1.2792618e-01
   5.5361936e-01   1.3011359e-01
   7.2863902e-01   1.3145069e-01
   7.3971369e-01   1.3403372e-01
   7.2863902e-01   1.3145069e-01
   5.1375365e-01   1.3001796e-01
   2.5761412e-01   1.2532538e-01
   4.0109122e-01   1.2754944e-01
   5.3110804e-01   1.3100332e-01
   2.5761412e-01   1.2532538e-01
   2.5863066e-01   1.2792618e-01
   4.7892996e-01   1.2932226e-01
   4.6662346e-01   1.2948948e-01
   2.5761412e-01   1.2532538e-01
   7.3971369e-01   1.3403372e-01
   7.2863902e-01   1.3145069e-01
   2.5863066e-01   1.2792618e-01
   2.5863066e-01   1.2792618e-01
   2.5863066e-01   1.2792618e-01
   4.4925755e-01   1.2871184e-01
   2.5761412e-01   1.2532538e-01
   5.0075890e-01   1.2973333e-01
   7.2863902e-01   1.3145069e-01
   7.3971369e-01   1.3403372e-01
   2.5761412e-01   1.2532538e-01
   5.0845225e-01   1.2957717e-01
   2.5863066e-01   1.2792618e-01
   7.2863902e-01   1.3145069e-01
   7.3971369e-01   1.3403372e-01
   7.3971369e-01   1.3403372e-01
   2.5761412e-01   1.2532538e-01
   4.8477396e-01   1.2962126e-01
   4.6594819e-01   1.2948716e-01
   4.4601499e-01   1.2870602e-01
   7.2863902e-01   1.3145069e-01
   6.3603081e-01   1.3065808e-01
   2.5863066e-01   1.2792618e-01
   7.3971369e-01   1.3403372e-01
   4.7897669e-01   1.2959975e-01
   2.5761412e-01   1.2532538e-01
   4.7209963e-01   1.2876681e-01
   7.3971369e-01   1.3403372e-01
   4.5075447e-01   1.2998443e-01
   7.2863902e-01   1.3145069e-01
   3.8335895e-01   1.2728087e-01
   5.1194500e-01   1.3013958e-01
   7.2863902e-01   1.3145069e-01
   4.3372258e-01   1.2801099e-01
   2.5761412e-01   1.2532538e-01
   2.5863066e-01   1.2792618e-01
   2.5761412e-01   1.2532538e-01
   5.1682218e-01   1.2984382e-01
   5.3901316e-01   1.3107893e-01
   2.5761412e-01   1.2532538e-01
   4.9078951e-01   1.2966295e-01
   7.2863902e-01   1.3145069e-01
   2.5863066e-01   1.2792618e-01
   7.2863902e-01   1.3145069e-01
   3.5093506e-01   1.2878074e-01
   2.5863066e-01   1.2792618e-01
   2.5761412e-01   1.2532538e-01
   5.8449344e-01   1.2991904e-01
   4.1204287e-01   1.2952281e-01
   5.0858916e-01   1.3016243e-01
   5.5903149e-01   1.3015498e-01
   5.0718745e-01   1.2978099e-01
   2.5761412e-01   1.2532538e-01
   7.2863902e-01   1.3145069e-01
   3.7541324e-01   1.2884286e-01
   4.3822004e-01   1.2804396e-01
   2.5761412e-01   1.2532538e-01
   7.3971369e-01   1.3403372e-01
   4.1983632e-01   1.2782385e-01
   5.6952430e-01   1.3099228e-01
   7.2863902e-01   1.3145069e-01
   5.4276941e-01   1.3003416e-01
   2.5761412e-01   1.2532538e-01
   7.2863902e-01   1.3145069e-01
   6.1985781e-01   1.3202886e-01
   6.2621945e-01   1.3049286e-01
   3.5227956e-01   1.2878781e-01
   7.3971369e-01   1.3403372e-01
   6.4375705e-01   1.3242011e-01
   7.2863902e-01   1.3145069e-01
   2.5761412e-01   1.2532538e-01
   5.3802609e-01   1.3109518e-01
   4.8949963e-01   1.2945353e-01
   2.5761412e-01   1.2532538e-01
   7.3971369e-01   1.3403372e-01
   4.7616383e-01   1.2970816e-01
   4.7574542e-01   1.2958880e-01
   7.2863902e-01   1.3145069e-01
   2.5863066e-01   1.2792618e-01
   5.2191759e-01   1.3053821e-01
   7.2863902e-01   1.3145069e-01
   5.3420812e-01   1.2981917e-01
   2.5863066e-01   1.2792618e-01
   4.9995185e-01   1.2972978e-01
   5.0674928e-01   1.2992028e-01
   4.1855169e-01   1.2960752e-01
   4.6029262e-01   1.2952659e-01
   7.3971369e-01   1.3403372e-01
   7.2863902e-01   1.3145069e-01
   2.5863066e-01   1.2792618e-01
   2.5761412e-01   1.2532538e-01
   7.3971369e-01   1.3403372e-01
   2.5863066e-01   1.2792618e-01
   4.4236844e-01   1.2850711e-01
   7.2863902e-01   1.3145069e-01
   2.5761412e-01   1.2532538e-01
   5.0051943e-01   1.2973334e-01
   7.2863902e-01   1.3145069e-01
   2.5761412e-01   1.2532538e-01
   2.5863066e-01   1.2792618e-01
   2.5863066e-01   1.2792618e-01
   7.3971369e-01   1.3403372e-01
   7.3971369e-01   1.3403372e-01
   7.3971369e-01   1.3403372e-01
   3.9755028e-01   1.2782971e-01
   2.5863066e-01   1.2792618e-01
   2.5863066e-01   1.2792618e-01
   4.6501209e-01   1.2965771e-01
   7.2863902e-01   1.3145069e-01
   3.5744968e-01   1.2705859e-01
   2.5863066e-01   1.2792618e-01
   4.4712174e-01   1.2815690e-01
   7.3971369e-01   1.3403372e-01
   4.5026171e-01   1.2876970e-01
   2.5761412e-01   1.2532538e-01
   4.4223604e-01   1.2986378e-01
   2.5761412e-01   1.2532538e-01
   7.2863902e-01   1.3145069e-01
   3.6812485e-01   1.2878897e-01
   7.3971369e-01   1.3403372e-01
   7.3971369e-01   1.3403372e-01
   3.4652609e-01   1.2867017e-01
   2.5863066e-01   1.2792618e-01
   5.5032764e-01   1.3008602e-01
   5.4246262e-01   1.3003226e-01
   2.5761412e-01   1.2532538e-01
   4.6672136e-01   1.2843536e-01
   7.2863902e-01   1.3145069e-01
   7.3971369e-01   1.3403372e-01
   4.5952426e-01   1.2856380e-01
   2.5761412e-01   1.2532538e-01
   7.2863902e-01   1.3145069e-01
   3.6173112e-01   1.2712901e-01
   5.0704726e-01   1.3069040e-01
   4.8678290e-01   1.2999558e-01
   5.8767523e-01   1.3132022e-01
   7.2863902e-01   1.3145069e-01
   4.4721202e-01   1.2871123e-01
   7.3971369e-01   1.3403372e-01
   7.3971369e-01   1.3403372e-01
   2.5761412e-01   1.2532538e-01
   2.5863066e-01   1.2792618e-01
   7.2863902e-01   1.3145069e-01
   2.5761412e-01   1.2532538e-01
   7.2863902e-01   1.3145069e-01
   2.5761412e-01   1.2532538e-01
   4.5589026e-01   1.2890443e-01
   7.3971369e-01   1.3403372e-01
   5.0063696e-01   1.2982734e-01
   4.6344428e-01   1.2904326e-01
   2.5761412e-01   1.2532538e-01
   2.5761412e-01   1.2532538e-01
   7.2863902e-01   1.3145069e-01
   7.3971369e-01   1.3403372e-01
   5.5239286e-01   1.2992496e-01
   7.3971369e-01   1.3403372e-01
   7.2863902e-01   1.3145069e-01
   5.4483028e-01   1.2942659e-01
   5.7680057e-01   1.2985643e-01
   2.5863066e-01   1.2792618e-01
   2.5761412e-01   1.2532538e-01
   5.5292037e-01   1.3125808e-01
   3.5146541e-01   1.2696230e-01
   3.5167760e-01   1.2691240e-01
   2.5863066e-01   1.2792618e-01
   2.5761412e-01   1.2532538e-01
   4.5862879e-01   1.3006050e-01
   5.6217113e-01   1.2965308e-01
   2.5761412e-01   1.2532538e-01
   4.9445313e-01   1.2961000e-01
   2.5863066e-01   1.2792618e-01
   5.4272250e-01   1.3114810e-01
   5.0276020e-01   1.2897072e-01
   2.5863066e-01   1.2792618e-01
   4.1650074e-01   1.2812053e-01
   6.5413221e-01   1.3262501e-01
   3.5312439e-01   1.2878274e-01
   2.5761412e-01   1.2532538e-01
   7.2863902e-01   1.3145069e-01
   2.5863066e-01   1.2792618e-01
   7.2863902e-01   1.3145069e-01
   4.8412611e-01   1.2942343e-01
   2.5761412e-01   1.2532538e-01
   4.4429299e-01   1.2813689e-01
   2.5863066e-01   1.2792618e-01
   7.2863902e-01   1.3145069e-01
   3.5778932e-01   1.2705073e-01
   2.5761412e-01   1.2532538e-01
   7.2863902e-01   1.3145069e-01
   2.5761412e-01   1.2532538e-01
   3.4213213e-01   1.2680376e-01
   6.4744839e-01   1.3252432e-01
   6.1448133e-01   1.3031957e-01
   7.3971369e-01   1.3403372e-01
   7.2863902e-01   1.3145069e-01
   7.3971369e-01   1.3403372e-01
   2.5761412e-01   1.2532538e-01
   2.5761412e-01   1.2532538e-01
   7.3971369e-01   1.3403372e-01
   2.5761412e-01   1.2532538e-01
   6.3347606e-01   1.3053272e-01
   7.3971369e-01   1.3403372e-01
   2.5863066e-01   1.2792618e-01
   6.3970856e-01   1.3070122e-01
   2.5863066e-01   1.2792618e-01
   5.2209298e-01   1.2988890e-01
   7.2863902e-01   1.3145069e-01
   2.5863066e-01   1.2792618e-01
   2.5761412e-01   1.2532538e-01
   2.5761412e-01   1.2532538e-01
   4.8706428e-01   1.2947768e-01
   7.2863902e-01   1.3145069e-01
   2.5863066e-01   1.2792618e-01
   7.3971369e-01   1.3403372e-01
   4.9764984e-01   1.2975712e-01
   2.5863066e-01   1.2792618e-01
   2.5863066e-01   1.2792618e-01
   3.6077708e-01   1.2878039e-01
   7.3971369e-01   1.3403372e-01
   7.3971369e-01   1.3403372e-01
   7.3971369e-01   1.3403372e-01
   4.8566273e-01   1.2880409e-01
   4.9538109e-01   1.2969712e-01
   7.3971369e-01   1.3403372e-01
   6.3355947e-01   1.3225410e-01
   4.3306536e-01   1.2848593e-01
   2.5863066e-01   1.2792618e-01
   2.5863066e-01   1.2792618e-01
   7.3971369e-01   1.3403372e-01
   7.3971369e-01   1.3403372e-01
   4.1668301e-01   1.2777555e-01
   7.2863902e-01   1.3145069e-01
   2.5863066e-01   1.2792618e-01
   3.6053918e-01   1.2713696e-01
   7.3971369e-01   1.3403372e-01
   2.5761412e-01   1.2532538e-01
   2.5761412e-01   1.2532538e-01
   2.5863066e-01   1.2792618e-01
   4.5511781e-01   1.2829198e-01
   3.8360788e-01   1.2916216e-01
   3.8033065e-01   1.2887232e-01
   3.5231902e-01   1.2698198e-01
   5.2587396e-01   1.3022383e-01
   7.3971369e-01   1.3403372e-01
   5.1041885e-01   1.2973516e-01
   7.3971369e-01   1.3403372e-01
   2.5863066e-01   1.2792618e-01
   2.5863066e-01   1.2792618e-01
   4.6430903e-01   1.2948414e-01
   7.3971369e-01   1.3403372e-01
   5.3226558e-01   1.2990861e-01
   2.5761412e-01   1.2532538e-01
   5.2829547e-01   1.2984730e-01
   7.2863902e-01   1.3145069e-01
   3.5064042e-01   1.2695928e-01
   6.3950641e-01   1.3063963e-01
   2.5863066e-01   1.2792618e-01
   2.5863066e-01   1.2792618e-01
   3.4904160e-01   1.2865130e-01
   3.5040038e-01   1.2691366e-01
   5.2876242e-01   1.2967111e-01
   4.6572271e-01   1.2908439e-01
   4.6166090e-01   1.2898171e-01
   6.0096834e-01   1.3157143e-01
   7.2863902e-01   1.3145069e-01
   7.2863902e-01   1.3145069e-01
   7.2863902e-01   1.3145069e-01
   2.5863066e-01   1.2792618e-01
   7.2863902e-01   1.3145069e-01
   7.2863902e-01   1.3145069e-01
   7.3971369e-01   1.3403372e-01
   5.6582458e-01   1.3092015e-01
   3.4616561e-01   1.2677551e-01
   4.9401000e-01   1.2999691e-01
   7.2863902e-01   1.3145069e-01
   6.1836881e-01   1.3047893e-01
   3.5834967e-01   1.2703947e-01
   2.5761412e-01   1.2532538e-01
   6.5058042e-01   1.3253095e-01
   2.5863066e-01   1.2792618e-01
   7.3971369e-01   1.3403372e-01
   3.9109774e-01   1.2771049e-01
   2.5761412e-01   1.2532538e-01
   7.2863902e-01   1.3145069e-01
   5.2072977e-01   1.2919854e-01
   3.7803598e-01   1.2913192e-01
   2.5761412e-01   1.2532538e-01
   7.3971369e-01   1.3403372e-01
   4.9902439e-01   1.3059075e-01
   6.4431817e-01   1.3240620e-01
   2.5761412e-01   1.2532538e-01
   2.5761412e-01   1.2532538e-01
   3.5264044e-01   1.2878509e-01
   7.3971369e-01   1.3403372e-01
   7.2863902e-01   1.3145069e-01
   7.3971369e-01   1.3403372e-01
   7.3971369e-01   1.3403372e-01
   4.8546195e-01   1.2866917e-01
   5.0694008e-01   1.3067471e-01
   2.5761412e-01   1.2532538e-01
   7.2863902e-01   1.3145069e-01
   2.5863066e-01   1.2792618e-01
   4.2151315e-01   1.2827365e-01
   7.3971369e-01   1.3403372e-01
   3.9481986e-01   1.2777801e-01
   2.5761412e-01   1.2532538e-01
   7.2863902e-01   1.3145069e-01
   7.2863902e-01   1.3145069e-01
   2.5863066e-01   1.2792618e-01
   2.5761412e-01   1.2532538e-01
   2.5761412e-01   1.2532538e-01
   3.4091979e-01   1.2861074e-01
   7.2863902e-01   1.3145069e-01
   7.2863902e-01   1.3145069e-01
   7.3971369e-01   1.3403372e-01
   5.5998527e-01   1.3136539e-01
   7.3971369e-01   1.3403372e-01
   7.2863902e-01   1.3145069e-01
   2.5863066e-01   1.2792618e-01
   4.9555885e-01   1.2995478e-01
   7.3971369e-01   1.3403372e-01
   7.2863902e-01   1.3145069e-01
   5.0080575e-01   1.2917261e-01
   6.1824644e-01   1.3216892e-01
   4.7789408e-01   1.3023643e-01
   7.2863902e-01   1.3145069e-01
   5.3304999e-01   1.3032179e-01
   2.5761412e-01   1.2532538e-01
   6.2540789e-01   1.3227157e-01
   4.1694962e-01   1.2913241e-01
   7.2863902e-01   1.3145069e-01
   2.5761412e-01   1.2532538e-01
   7.2863902e-01   1.3145069e-01
   4.3158759e-01   1.2943986e-01
   3.9813534e-01   1.2783880e-01
   2.5761412e-01   1.2532538e-01
   5.3959067e-01   1.2939749e-01
   7.3971369e-01   1.3403372e-01
   7.3971369e-01   1.3403372e-01
   7.2863902e-01   1.3145069e-01
   5.5356507e-01   1.3124612e-01
   7.3971369e-01   1.3403372e-01
   6.2289539e-01   1.3047764e-01
   7.3971369e-01   1.3403372e-01
   2.5863066e-01   1.2792618e-01
   2.5761412e-01   1.2532538e-01
   2.5761412e-01   1.2532538e-01
   7.2863902e-01   1.3145069e-01
   2.5863066e-01   1.2792618e-01
   6.3313177e-01   1.3227885e-01
   7.2863902e-01   1.3145069e-01
   5.3572650e-01   1.3098530e-01
   4.7091839e-01   1.2918047e-01
   7.2863902e-01   1.3145069e-01
   2.5761412e-01   1.2532538e-01
   7.2863902e-01   1.3145069e-01
   5.8305884e-01   1.3124010e-01
   7.2863902e-01   1.3145069e-01
   4.1609315e-01   1.2773355e-01
   2.5761412e-01   1.2532538e-01
   2.5761412e-01   1.2532538e-01
   7.3971369e-01   1.3403372e-01
   6.5689453e-01   1.3265913e-01
   5.4586452e-01   1.3055705e-01
   7.3971369e-01   1.3403372e-01
   3.6242231e-01   1.2874127e-01
   6.3271918e-01   1.3052167e-01
   4.1620857e-01   1.2912590e-01
   6.4650190e-01   1.3249865e-01
   7.3971369e-01   1.3403372e-01
   7.3971369e-01   1.3403372e-01
   4.6766932e-01   1.2845643e-01
   2.5761412e-01   1.2532538e-01
   7.2863902e-01   1.3145069e-01
   4.8029817e-01   1.2900579e-01
   4.2126956e-01   1.2826864e-01
   7.2863902e-01   1.3145069e-01
   7.3971369e-01   1.3403372e-01
   2.5761412e-01   1.2532538e-01
   2.5761412e-01   1.2532538e-01
   2.5761412e-01   1.2532538e-01
   3.6343955e-01   1.2882470e-01
   2.5863066e-01   1.2792618e-01
   2.5863066e-01   1.2792618e-01
   2.5761412e-01   1.2532538e-01
   2.5761412e-01   1.2532538e-01
   6.0125602e-01   1.3013598e-01
   2.5863066e-01   1.2792618e-01
   3.5611634e-01   1.2703321e-01
   7.3971369e-01   1.3403372e-01
   5.2297950e-01   1.2982464e-01
   4.8144524e-01   1.3036486e-01
   7.2863902e-01   1.3145069e-01
   5.3817540e-01   1.2990988e-01
   3.3724287e-01   1.2859416e-01
   4.2167230e-01   1.2781093e-01
   7.2863902e-01   1.3145069e-01
   2.5761412e-01   1.2532538e-01
   6.1515982e-01   1.3209368e-01
   7.3971369e-01   1.3403372e-01
   3.6706302e-01   1.2885142e-01
   5.2964365e-01   1.3025792e-01
   6.5425779e-01   1.3257511e-01
   7.3971369e-01   1.3403372e-01
   7.2863902e-01   1.3145069e-01
   4.5737311e-01   1.3007262e-01
   7.3971369e-01   1.3403372e-01
   2.5863066e-01   1.2792618e-01
   7.2863902e-01   1.3145069e-01
   7.2863902e-01   1.3145069e-01
   2.5761412e-01   1.2532538e-01
   3.9478623e-01   1.2744822e-01
   6.3881195e-01   1.3064885e-01
   7.3971369e-01   1.3403372e-01
   2.5863066e-01   1.2792618e-01
   6.0455738e-01   1.3047611e-01
   7.3971369e-01   1.3403372e-01
   7.3971369e-01   1.3403372e-01
   6.3786481e-01   1.3063583e-01
   7.3971369e-01   1.3403372e-01
   7.2863902e-01   1.3145069e-01
   5.3865285e-01   1.2935156e-01
   7.2863902e-01   1.3145069e-01
   7.3971369e-01   1.3403372e-01
   2.5863066e-01   1.2792618e-01
   4.0162504e-01   1.2902281e-01
   7.3971369e-01   1.3403372e-01
   2.5863066e-01   1.2792618e-01
   2.5863066e-01   1.2792618e-01
   3.9699597e-01   1.2781863e-01
   2.5761412e-01   1.2532538e-01
   3.5778990e-01   1.2876322e-01
   2.5761412e-01   1.2532538e-01
   3.5500656e-01   1.2701894e-01
   2.5863066e-01   1.2792618e-01
   4.8705087e-01   1.2901347e-01
   2.5863066e-01   1.2792618e-01
   2.5863066e-01   1.2792618e-01
   4.8598965e-01   1.2938786e-01
   7.2863902e-01   1.3145069e-01
   7.2863902e-01   1.3145069e-01
   6.4295261e-01   1.3241890e-01
   7.2863902e-01   1.3145069e-01
   7.2863902e-01   1.3145069e-01
   7.2863902e-01   1.3145069e-01
   3.8722270e-01   1.2734705e-01
   6.1948011e-01   1.3046912e-01
   2.5761412e-01   1.2532538e-01
   2.5863066e-01   1.2792618e-01
   2.5761412e-01   1.2532538e-01
   3.5202423e-01   1.2881063e-01
   7.3971369e-01   1.3403372e-01
   5.0109082e-01   1.2973442e-01
   4.4600053e-01   1.2934291e-01
   4.6898669e-01   1.2846228e-01
   3.4705805e-01   1.2687633e-01
   7.3971369e-01   1.3403372e-01
   7.2863902e-01   1.3145069e-01
   7.3971369e-01   1.3403372e-01
   4.9720782e-01   1.3007390e-01
   4.8186962e-01   1.3033804e-01
   5.0930591e-01   1.2898165e-01
   2.5863066e-01   1.2792618e-01
   3.5514961e-01   1.2702926e-01
   7.3971369e-01   1.3403372e-01
   2.5761412e-01   1.2532538e-01
   4.5342934e-01   1.2885906e-01
   2.5863066e-01   1.2792618e-01
   7.2863902e-01   1.3145069e-01
   6.3935886e-01   1.3069525e-01
   3.3592162e-01   1.2859364e-01
   2.5863066e-01   1.2792618e-01
   2.5863066e-01   1.2792618e-01
   5.0195643e-01   1.2975063e-01
   7.3971369e-01   1.3403372e-01
   7.3971369e-01   1.3403372e-01
   7.3971369e-01   1.3403372e-01
   2.5761412e-01   1.2532538e-01
   4.8145248e-01   1.3032253e-01
   2.5863066e-01   1.2792618e-01
   2.5761412e-01   1.2532538e-01
   7.2863902e-01   1.3145069e-01
   2.5761412e-01   1.2532538e-01
   7.2863902e-01   1.3145069e-01
   7.3971369e-01   1.3403372e-01
   7.3971369e-01   1.3403372e-01
   2.5761412e-01   1.2532538e-01
   2.5761412e-01   1.2532538e-01
   2.5863066e-01   1.2792618e-01
   2.5863066e-01   1.2792618e-01
   7.2863902e-01   1.3145069e-01
   7.3971369e-01   1.3403372e-01
   2.5761412e-01   1.2532538e-01
   2.5761412e-01   1.2532538e-01
   6.5802007e-01   1.3265721e-01
   4.4871136e-01   1.2936156e-01
   2.5863066e-01   1.2792618e-01
   6.4010557e-01   1.3239380e-01
   2.5863066e-01   1.2792618e-01
   7.3971369e-01   1.3403372e-01
   5.3659113e-01   1.2999369e-01
   2.5761412e-01   1.2532538e-01
   5.2699368e-01   1.3034707e-01
   5.5168961e-01   1.3070881e-01
   6.2896951e-01   1.3057877e-01
   7.2863902e-01   1.3145069e-01
   5.4718070e-01   1.2945676e-01
   2.5863066e-01   1.2792618e-01
   4.8984860e-01   1.3020277e-01
   3.5881590e-01   1.2879981e-01
   7.2863902e-01   1.3145069e-01
   5.4683723e-01   1.2971231e-01
   5.2148216e-01   1.2949128e-01
   2.5863066e-01   1.2792618e-01
   3.4245861e-01   1.2673598e-01
   3.3139191e-01   1.2658122e-01
   7.2863902e-01   1.3145069e-01
   7.3971369e-01   1.3403372e-01
   2.5863066e-01   1.2792618e-01
   3.6612013e-01   1.2884003e-01
   5.6533219e-01   1.2968895e-01
   7.3971369e-01   1.3403372e-01
   7.3971369e-01   1.3403372e-01
   7.2863902e-01   1.3145069e-01
   4.2931813e-01   1.2841665e-01
   7.3971369e-01   1.3403372e-01
   2.5761412e-01   1.2532538e-01
   2.5863066e-01   1.2792618e-01
   3.5521279e-01   1.2691022e-01
   4.4834927e-01   1.2817880e-01
   2.5761412e-01   1.2532538e-01
   2.5761412e-01   1.2532538e-01
   5.1651151e-01   1.3002260e-01
   7.3971369e-01   1.3403372e-01
   7.3971369e-01   1.3403372e-01
   7.2863902e-01   1.3145069e-01
   7.3971369e-01   1.3403372e-01
   6.3644835e-01   1.3069356e-01
   2.5863066e-01   1.2792618e-01
   2.5761412e-01   1.2532538e-01
   5.2939136e-01   1.3098132e-01
   7.3971369e-01   1.3403372e-01
   4.9429310e-01   1.2960891e-01
   4.9896197e-01   1.2972598e-01
   2.5761412e-01   1.2532538e-01
   4.9881484e-01   1.3058754e-01
   4.9657204e-01   1.2965125e-01
   2.5761412e-01   1.2532538e-01
   2.5761412e-01   1.2532538e-01
   7.2863902e-01   1.3145069e-01
   7.2863902e-01   1.3145069e-01
   7.2863902e-01   1.3145069e-01
   5.1977437e-01   1.3016191e-01
   2.5863066e-01   1.2792618e-01
   7.2863902e-01   1.3145069e-01
   4.5239513e-01   1.2879437e-01
   3.9034865e-01   1.2769921e-01
   2.5863066e-01   1.2792618e-01
   2.5863066e-01   1.2792618e-01
   7.3971369e-01   1.3403372e-01
   5.9832962e-01   1.3188121e-01
   3.6519310e-01   1.2894983e-01
   7.2863902e-01   1.3145069e-01
   2.5761412e-01   1.2532538e-01
   7.3971369e-01   1.3403372e-01
   7.3971369e-01   1.3403372e-01
   2.5761412e-01   1.2532538e-01
   7.3971369e-01   1.3403372e-01
   5.9015691e-01   1.2999477e-01
   4.8719893e-01   1.2948012e-01
   3.8552376e-01   1.2732842e-01
   4.0005962e-01   1.2788112e-01
   7.2863902e-01   1.3145069e-01
   2.5863066e-01   1.2792618e-01
   4.7404586e-01   1.2853415e-01
   3.3352342e-01   1.2661482e-01
   7.3971369e-01   1.3403372e-01
   5.0347781e-01   1.2963800e-01
   4.2592688e-01   1.2919749e-01
   6.3740643e-01   1.3235796e-01
   7.3971369e-01   1.3403372e-01
   2.5863066e-01   1.2792618e-01
   6.1758422e-01   1.3198417e-01
   4.6120117e-01   1.2898024e-01
   4.5846073e-01   1.2947500e-01
   3.5480461e-01   1.2688723e-01
   5.5251680e-01   1.3100469e-01
   7.2863902e-01   1.3145069e-01
   2.5863066e-01   1.2792618e-01
   4.6800522e-01   1.2989791e-01
   4.6478920e-01   1.2841725e-01
   6.2665847e-01   1.3212725e-01
   4.2375681e-01   1.2785836e-01
   7.2863902e-01   1.3145069e-01
   5.1592953e-01   1.3000885e-01
   2.5761412e-01   1.2532538e-01
   5.7783762e-01   1.3114441e-01
   5.3297430e-01   1.3100694e-01
   5.9055028e-01   1.3137781e-01
   2.5761412e-01   1.2532538e-01
   2.5761412e-01   1.2532538e-01
   2.5761412e-01   1.2532538e-01
   7.3971369e-01   1.3403372e-01
   7.2863902e-01   1.3145069e-01
   2.5761412e-01   1.2532538e-01
   5.7805209e-01   1.2988290e-01
   7.2863902e-01   1.3145069e-01
   6.1687781e-01   1.3056093e-01
   2.5761412e-01   1.2532538e-01
   7.2863902e-01   1.3145069e-01
   7.3971369e-01   1.3403372e-01
   7.2863902e-01   1.3145069e-01
   2.5761412e-01   1.2532538e-01
   2.5863066e-01   1.2792618e-01
   7.2863902e-01   1.3145069e-01
   7.3971369e-01   1.3403372e-01
   4.7235841e-01   1.3017245e-01
   7.3971369e-01   1.3403372e-01
   7.3971369e-01   1.3403372e-01
   7.2863902e-01   1.3145069e-01
   7.3971369e-01   1.3403372e-01
   2.5863066e-01   1.2792618e-01
   2.5761412e-01   1.2532538e-01
   7.3971369e-01   1.3403372e-01
   4.9250297e-01   1.3020869e-01
   3.4788861e-01   1.2868604e-01
   6.4772950e-01   1.3253902e-01
   2.5761412e-01   1.2532538e-01
   4.4265520e-01   1.2810256e-01
   4.3183241e-01   1.2931284e-01
   7.3971369e-01   1.3403372e-01
   2.5863066e-01   1.2792618e-01
   2.5761412e-01   1.2532538e-01
   3.8906697e-01   1.2923733e-01
   7.3971369e-01   1.3403372e-01
   7.3971369e-01   1.3403372e-01
   7.2863902e-01   1.3145069e-01
   5.0083528e-01   1.2973518e-01
   3.4557287e-01   1.2686890e-01
   5.1071037e-01   1.2962498e-01
   3.5670076e-01   1.2692137e-01
   7.3971369e-01   1.3403372e-01
   6.3823601e-01   1.3059804e-01
   2.5761412e-01   1.2532538e-01
   2.5863066e-01   1.2792618e-01
   7.2863902e-01   1.3145069e-01
   2.5863066e-01   1.2792618e-01
   2.5863066e-01   1.2792618e-01
   4.5038655e-01   1.2950255e-01
   2.5863066e-01   1.2792618e-01
   7.3971369e-01   1.3403372e-01
   2.5761412e-01   1.2532538e-01
   6.2165762e-01   1.3050822e-01
   6.1316234e-01   1.3044115e-01
   2.5761412e-01   1.2532538e-01
   7.3971369e-01   1.3403372e-01
   2.5863066e-01   1.2792618e-01
   7.2863902e-01   1.3145069e-01
   7.2863902e-01   1.3145069e-01
   2.5863066e-01   1.2792618e-01
   3.5167702e-01   1.2694160e-01
   7.3971369e-01   1.3403372e-01
   7.2863902e-01   1.3145069e-01
   2.5761412e-01   1.2532538e-01
   2.5863066e-01   1.2792618e-01
   4.3632903e-01   1.2802802e-01
   7.3971369e-01   1.3403372e-01
   7.3971369e-01   1.3403372e-01
   5.0418349e-01   1.2941888e-01
   4.6194534e-01   1.2879725e-01
   4.6898341e-01   1.2914482e-01
   3.6382460e-01   1.2876256e-01
   6.2785643e-01   1.3052060e-01
   7.3971369e-01   1.3403372e-01
   2.5761412e-01   1.2532538e-01
   2.5863066e-01   1.2792618e-01
   7.2863902e-01   1.3145069e-01
   7.2863902e-01   1.3145069e-01
   7.2863902e-01   1.3145069e-01
   5.6152720e-01   1.3140303e-01
   2.5863066e-01   1.2792618e-01
   2.5863066e-01   1.2792618e-01
   2.5863066e-01   1.2792618e-01
   3.6046771e-01   1.2710668e-01
   5.4152710e-01   1.2943450e-01
   4.4200955e-01   1.2811859e-01
   2.5761412e-01   1.2532538e-01
   5.5016063e-01   1.3002984e-01
   4.3462254e-01   1.2925856e-01
   7.3971369e-01   1.3403372e-01
   2.5761412e-01   1.2532538e-01
   2.5761412e-01   1.2532538e-01
   4.2226446e-01   1.2965172e-01
   7.2863902e-01   1.3145069e-01
   2.5863066e-01   1.2792618e-01
   4.8911282e-01   1.2875590e-01
   4.8392416e-01   1.2941939e-01
   7.2863902e-01   1.3145069e-01
   3.6999087e-01   1.2879678e-01
   7.2863902e-01   1.3145069e-01
   2.5863066e-01   1.2792618e-01
   7.2863902e-01   1.3145069e-01
   4.6799005e-01   1.3019662e-01
   5.0971630e-01   1.2963379e-01
   5.3545146e-01   1.2998578e-01
   4.2864441e-01   1.2838406e-01
   5.1354294e-01   1.2946642e-01
   6.4993095e-01   1.3257098e-01
   5.7370515e-01   1.3156556e-01
   7.3971369e-01   1.3403372e-01
   4.8576713e-01   1.2962675e-01
   3.7789525e-01   1.2894671e-01
   7.3971369e-01   1.3403372e-01
   7.2863902e-01   1.3145069e-01
   7.2863902e-01   1.3145069e-01
   2.5863066e-01   1.2792618e-01
   4.6595480e-01   1.3013780e-01
   2.5761412e-01   1.2532538e-01
   3.7415186e-01   1.2731794e-01
   5.4135754e-01   1.3047762e-01
   2.5761412e-01   1.2532538e-01
   7.2863902e-01   1.3145069e-01
   3.4432465e-01   1.2862560e-01
   2.5761412e-01   1.2532538e-01
   2.5863066e-01   1.2792618e-01
   2.5761412e-01   1.2532538e-01
   6.4367119e-01   1.3069799e-01
   3.6556187e-01   1.2877089e-01
   6.4677207e-01   1.3254173e-01
   7.2863902e-01   1.3145069e-01
   7.3971369e-01   1.3403372e-01
   4.1363056e-01   1.2951247e-01
   2.5863066e-01   1.2792618e-01
   7.2863902e-01   1.3145069e-01
   4.9726293e-01   1.2972146e-01
   7.3971369e-01   1.3403372e-01
   7.3971369e-01   1.3403372e-01
   4.4689668e-01   1.2831369e-01
   7.2863902e-01   1.3145069e-01
   7.3971369e-01   1.3403372e-01
   5.3017607e-01   1.2994768e-01
   4.4190955e-01   1.2864827e-01
   4.6273034e-01   1.2901664e-01
   5.4970178e-01   1.3068241e-01
   7.2863902e-01   1.3145069e-01
   4.3767387e-01   1.2931636e-01
   3.6354254e-01   1.2714563e-01
   5.0011172e-01   1.2977223e-01
   4.8396390e-01   1.2901305e-01
   7.3971369e-01   1.3403372e-01
   7.2863902e-01   1.3145069e-01
   2.5761412e-01   1.2532538e-01
   7.2863902e-01   1.3145069e-01
   7.2863902e-01   1.3145069e-01
   4.6004229e-01   1.2954940e-01
   7.2863902e-01   1.3145069e-01
   4.9096362e-01   1.2916599e-01
   2.5863066e-01   1.2792618e-01
   7.2863902e-01   1.3145069e-01
   7.2863902e-01   1.3145069e-01
   2.5761412e-01   1.2532538e-01
   7.3971369e-01   1.3403372e-01
   3.5270673e-01   1.2685964e-01
   7.2863902e-01   1.3145069e-01
   5.1645267e-01   1.3038052e-01
   3.5878097e-01   1.2707188e-01
   4.9571651e-01   1.2962543e-01
   4.2950891e-01   1.2973787e-01
   7.3971369e-01   1.3403372e-01
   7.3971369e-01   1.3403372e-01
   7.2863902e-01   1.3145069e-01
   5.6297154e-01   1.3141021e-01
   4.1488449e-01   1.2772395e-01
   2.5761412e-01   1.2532538e-01
   2.5761412e-01   1.2532538e-01
   2.5761412e-01   1.2532538e-01
   7.3971369e-01   1.3403372e-01
   7.2863902e-01   1.3145069e-01
   3.5690557e-01   1.2875842e-01
   7.2863902e-01   1.3145069e-01
   5.8696878e-01   1.3034790e-01
   2.5863066e-01   1.2792618e-01
   2.5761412e-01   1.2532538e-01
   3.8739733e-01   1.2764185e-01
   7.3971369e-01   1.3403372e-01
   2.5863066e-01   1.2792618e-01
   5.5494257e-01   1.3072081e-01
   3.8059009e-01   1.2887494e-01
   2.5761412e-01   1.2532538e-01
   5.1345384e-01   1.2903784e-01
   7.2863902e-01   1.3145069e-01
   2.5863066e-01   1.2792618e-01
   7.3971369e-01   1.3403372e-01
   7.2863902e-01   1.3145069e-01
   5.8365496e-01   1.2995226e-01
   2.5863066e-01   1.2792618e-01
   4.5485003e-01   1.2826744e-01
   2.5863066e-01   1.2792618e-01
   2.5863066e-01   1.2792618e-01
   2.5761412e-01   1.2532538e-01
   2.5863066e-01   1.2792618e-01
   4.3641877e-01   1.2816619e-01
   5.3103250e-01   1.3040459e-01
   2.5863066e-01   1.2792618e-01
   7.3971369e-01   1.3403372e-01
   7.2863902e-01   1.3145069e-01
   2.5863066e-01   1.2792618e-01
   2.5761412e-01   1.2532538e-01
   7.3971369e-01   1.3403372e-01
   6.4942935e-01   1.3250241e-01
   5.1858362e-01   1.2954062e-01
   7.2863902e-01   1.3145069e-01
   7.2863902e-01   1.3145069e-01
   7.2863902e-01   1.3145069e-01
   2.5761412e-01   1.2532538e-01
   2.5863066e-01   1.2792618e-01
   7.3971369e-01   1.3403372e-01
   4.1630914e-01   1.2957538e-01
   7.2863902e-01   1.3145069e-01
   7.2863902e-01   1.3145069e-01
   2.5761412e-01   1.2532538e-01
   2.5761412e-01   1.2532538e-01
   7.2863902e-01   1.3145069e-01
   7.2863902e-01   1.3145069e-01
   5.0089466e-01   1.2891698e-01
   5.7006816e-01   1.3022634e-01
   2.5761412e-01   1.2532538e-01
   4.9783265e-01   1.2897412e-01
   5.4303709e-01   1.3050663e-01
   6.3976837e-01   1.3067534e-01
   4.9268670e-01   1.3049979e-01
   2.5863066e-01   1.2792618e-01
   5.5959578e-01   1.3080684e-01
   4.5252324e-01   1.2825299e-01
   7.2863902e-01   1.3145069e-01
   7.2863902e-01   1.3145069e-01
   7.3971369e-01   1.3403372e-01
   7.3971369e-01   1.3403372e-01
   7.2863902e-01   1.3145069e-01
   7.3971369e-01   1.3403372e-01
   2.5863066e-01   1.2792618e-01
   7.2863902e-01   1.3145069e-01
   7.2863902e-01   1.3145069e-01
   7.2863902e-01   1.3145069e-01
   7.3971369e-01   1.3403372e-01
   2.5863066e-01   1.2792618e-01
   7.3971369e-01   1.3403372e-01
   4.5545883e-01   1.3003986e-01
   4.5924308e-01   1.2885437e-01
   7.3971369e-01   1.3403372e-01
   6.1898168e-01   1.3035317e-01
   3.4987693e-01   1.2692756e-01
   7.2863902e-01   1.3145069e-01
   2.5761412e-01   1.2532538e-01
   2.5863066e-01   1.2792618e-01
   3.6350764e-01   1.2702755e-01
   4.6291182e-01   1.2956170e-01
   3.5026622e-01   1.2868622e-01
   5.1183990e-01   1.2904087e-01
   4.7481242e-01   1.2889859e-01
   7.3971369e-01   1.3403372e-01
   5.8101852e-01   1.3031393e-01
   4.6011909e-01   1.2898070e-01
   6.4319327e-01   1.3248655e-01
   3.3614346e-01   1.2668915e-01
   7.2863902e-01   1.3145069e-01
   7.2863902e-01   1.3145069e-01
   2.5863066e-01   1.2792618e-01
   7.2863902e-01   1.3145069e-01
   3.8065935e-01   1.2887140e-01
   3.5536220e-01   1.2876369e-01
   7.2863902e-01   1.3145069e-01
   3.4112895e-01   1.2678112e-01
   7.3971369e-01   1.3403372e-01
   2.5863066e-01   1.2792618e-01
   7.2863902e-01   1.3145069e-01
   7.3971369e-01   1.3403372e-01
   7.2863902e-01   1.3145069e-01
   2.5863066e-01   1.2792618e-01
   2.5863066e-01   1.2792618e-01
   5.5240996e-01   1.3128575e-01
   2.5863066e-01   1.2792618e-01
   2.5761412e-01   1.2532538e-01
   5.1470893e-01   1.2983376e-01
   4.6939439e-01   1.3011046e-01
   2.5761412e-01   1.2532538e-01
   4.7868340e-01   1.2932325e-01
   7.2863902e-01   1.3145069e-01
   5.4257360e-01   1.3003690e-01
   6.3449039e-01   1.3067133e-01
   3.4590479e-01   1.2687964e-01
   7.2863902e-01   1.3145069e-01
   7.3971369e-01   1.3403372e-01
   4.2194107e-01   1.2819187e-01
   5.4830688e-01   1.3060032e-01
   4.7509324e-01   1.2910678e-01
   5.0624700e-01   1.3066332e-01
   5.4482544e-01   1.3005089e-01
   2.5863066e-01   1.2792618e-01
   4.6731568e-01   1.2911377e-01
   2.5761412e-01   1.2532538e-01
   2.5863066e-01   1.2792618e-01
   7.2863902e-01   1.3145069e-01
   2.5761412e-01   1.2532538e-01
   7.2863902e-01   1.3145069e-01
   2.5863066e-01   1.2792618e-01
   4.8769123e-01   1.3041721e-01
   5.3044240e-01   1.2931841e-01
   2.5863066e-01   1.2792618e-01
   4.8943461e-01   1.2946425e-01
   7.3971369e-01   1.3403372e-01
   7.2863902e-01   1.3145069e-01
   7.2863902e-01   1.3145069e-01
   2.5761412e-01   1.2532538e-01
   2.5863066e-01   1.2792618e-01
   4.4284230e-01   1.2931826e-01
   3.7441352e-01   1.2882543e-01
   5.1467210e-01   1.2937984e-01
   2.5761412e-01   1.2532538e-01
   2.5761412e-01   1.2532538e-01
   5.2002286e-01   1.3011050e-01
   2.5863066e-01   1.2792618e-01
   2.5761412e-01   1.2532538e-01
   2.5863066e-01   1.2792618e-01
   7.3971369e-01   1.3403372e-01
   7.3971369e-01   1.3403372e-01
   7.2863902e-01   1.3145069e-01
   3.8236057e-01   1.2888698e-01
   7.3971369e-01   1.3403372e-01
   5.2888229e-01   1.3025855e-01
   2.5863066e-01   1.2792618e-01
   7.2863902e-01   1.3145069e-01
   2.5863066e-01   1.2792618e-01
   2.5863066e-01   1.2792618e-01
   3.7834662e-01   1.2910277e-01
   7.3971369e-01   1.3403372e-01
   5.4304532e-01   1.3050469e-01
   2.5863066e-01   1.2792618e-01
   3.8964513e-01   1.2925786e-01
   2.5863066e-01   1.2792618e-01
   4.7403516e-01   1.2919339e-01
   2.5863066e-01   1.2792618e-01
   7.2863902e-01   1.3145069e-01
   2.5761412e-01   1.2532538e-01
   2.5863066e-01   1.2792618e-01
   2.5863066e-01   1.2792618e-01
   2.5761412e-01   1.2532538e-01
   2.5863066e-01   1.2792618e-01
   2.5761412e-01   1.2532538e-01
   5.4485748e-01   1.3059963e-01
   2.5863066e-01   1.2792618e-01
   2.5761412e-01   1.2532538e-01
   2.5761412e-01   1.2532538e-01
   4.8579422e-01   1.2867851e-01
   2.5761412e-01   1.2532538e-01
   7.3971369e-01   1.3403372e-01
   7.2863902e-01   1.3145069e-01
   7.2863902e-01   1.3145069e-01
   2.5863066e-01   1.2792618e-01
   4.2776827e-01   1.2789042e-01
   3.5446493e-01   1.2875585e-01
   7.2863902e-01   1.3145069e-01
   2.5863066e-01   1.2792618e-01
   7.3971369e-01   1.3403372e-01
   4.6029057e-01   1.3007335e-01
   2.5863066e-01   1.2792618e-01
   6.3444000e-01   1.3230417e-01
   4.4631196e-01   1.2950967e-01
   7.3971369e-01   1.3403372e-01
   4.6408931e-01   1.2896023e-01
   7.3971369e-01   1.3403372e-01
   4.4452953e-01   1.2970467e-01
   6.1035069e-01   1.3173727e-01
   4.9421770e-01   1.2969478e-01
   7.2863902e-01   1.3145069e-01
   5.1209389e-01   1.2901890e-01
   4.7523359e-01   1.2913027e-01
   6.6121501e-01   1.3271421e-01
   4.2961443e-01   1.2805326e-01
   4.7532127e-01   1.2963897e-01
   7.3971369e-01   1.3403372e-01
   2.5863066e-01   1.2792618e-01
   2.5863066e-01   1.2792618e-01
   7.2863902e-01   1.3145069e-01
   7.2863902e-01   1.3145069e-01
   3.4906954e-01   1.2866989e-01
   3.5444248e-01   1.2690604e-01
   4.4173384e-01   1.2809067e-01
   2.5863066e-01   1.2792618e-01
   6.4526469e-01   1.3241834e-01
   3.4336661e-01   1.2869986e-01
   4.9094892e-01   1.3048641e-01
   2.5761412e-01   1.2532538e-01
   4.8711382e-01   1.2963665e-01
   7.2863902e-01   1.3145069e-01
   2.5863066e-01   1.2792618e-01
   2.5863066e-01   1.2792618e-01
   2.5863066e-01   1.2792618e-01
   4.3855250e-01   1.2843648e-01
   2.5863066e-01   1.2792618e-01
   7.2863902e-01   1.3145069e-01
   2.5863066e-01   1.2792618e-01
   7.2863902e-01   1.3145069e-01
   4.9807125e-01   1.2968007e-01
   5.6840909e-01   1.3097321e-01
   4.2267138e-01   1.2829580e-01
   2.5863066e-01   1.2792618e-01
   7.2863902e-01   1.3145069e-01
   3.4554003e-01   1.2678441e-01
   7.3971369e-01   1.3403372e-01
   2.5761412e-01   1.2532538e-01
   4.9432138e-01   1.2968923e-01
   5.1259295e-01   1.3023479e-01
   7.2863902e-01   1.3145069e-01
   7.3971369e-01   1.3403372e-01
   2.5863066e-01   1.2792618e-01
   7.3971369e-01   1.3403372e-01
   5.5543857e-01   1.3075748e-01
   5.3540700e-01   1.3036349e-01
   5.3217615e-01   1.2995691e-01
   7.2863902e-01   1.3145069e-01
   2.5863066e-01   1.2792618e-01
   5.0365911e-01   1.2992599e-01
   2.5761412e-01   1.2532538e-01
   2.5863066e-01   1.2792618e-01
   2.5761412e-01   1.2532538e-01
   4.4060194e-01   1.2936069e-01
   5.7278689e-01   1.3025234e-01
   6.1042463e-01   1.3041258e-01
   2.5761412e-01   1.2532538e-01
   3.5621721e-01   1.2705425e-01
   2.5863066e-01   1.2792618e-01
   6.5361909e-01   1.3261028e-01
   2.5863066e-01   1.2792618e-01
   4.4489064e-01   1.2933462e-01
   5.3530006e-01   1.3077348e-01
   7.3971369e-01   1.3403372e-01
   7.3971369e-01   1.3403372e-01
